57	0	0
58	0	0
59	0	0
60	0	0
61	0	0
62	0	0
56	1	0
57	1	58
58	1	58
59	1	58
60	1	59
61	1	60
62	1	61
63	1	0
51	2	58
52	2	58
53	2	56
54	2	55
55	2	55
56	2	57
57	2	59
58	2	57
59	2	59
60	2	59
61	2	59
62	2	59
63	2	61
64	2	57
49	3	67
50	3	68
51	3	56
52	3	55
53	3	55
54	3	56
55	3	58
56	3	57
57	3	59
58	3	59
59	3	59
60	3	59
61	3	58
62	3	59
63	3	59
64	3	60
65	3	59
66	3	57
48	4	62
49	4	61
50	4	58
51	4	58
52	4	58
53	4	60
54	4	54
55	4	60
56	4	57
57	4	57
58	4	58
59	4	57
60	4	58
61	4	58
62	4	60
63	4	58
64	4	58
65	4	59
66	4	57
67	4	60
47	5	61
48	5	61
49	5	60
50	5	60
51	5	59
52	5	55
53	5	58
54	5	57
55	5	58
56	5	59
57	5	58
58	5	58
59	5	58
60	5	58
61	5	58
62	5	58
63	5	59
64	5	58
65	5	58
66	5	58
67	5	58
68	5	57
44	6	0
46	6	61
47	6	60
48	6	58
49	6	59
50	6	59
51	6	59
52	6	58
53	6	58
54	6	58
55	6	58
56	6	57
57	6	58
58	6	57
59	6	58
60	6	58
61	6	58
62	6	58
63	6	59
64	6	58
65	6	58
66	6	56
67	6	56
68	6	58
69	6	58
43	7	62
44	7	58
45	7	60
46	7	60
47	7	58
48	7	61
49	7	58
50	7	59
51	7	58
52	7	58
53	7	58
54	7	58
55	7	58
56	7	58
57	7	58
58	7	57
59	7	58
60	7	58
61	7	58
62	7	57
63	7	58
64	7	58
65	7	58
66	7	58
67	7	58
68	7	58
69	7	57
42	8	0
43	8	60
44	8	59
45	8	59
46	8	58
47	8	56
48	8	57
49	8	57
50	8	58
51	8	58
52	8	58
53	8	59
54	8	58
55	8	57
56	8	57
57	8	58
58	8	57
59	8	57
60	8	57
61	8	58
62	8	58
63	8	58
64	8	58
65	8	58
66	8	57
67	8	58
68	8	58
69	8	57
70	8	58
43	9	62
44	9	59
45	9	58
46	9	58
47	9	58
48	9	58
49	9	58
50	9	57
51	9	58
52	9	58
53	9	57
54	9	58
55	9	57
56	9	58
57	9	57
58	9	58
59	9	58
60	9	57
61	9	59
62	9	57
63	9	58
64	9	57
65	9	58
66	9	58
67	9	58
68	9	59
69	9	59
70	9	59
71	9	58
42	10	58
43	10	58
44	10	58
45	10	58
46	10	58
47	10	59
48	10	59
49	10	58
50	10	58
51	10	58
52	10	58
53	10	58
54	10	58
55	10	57
56	10	57
57	10	57
58	10	57
59	10	57
60	10	58
61	10	58
62	10	57
63	10	57
64	10	57
65	10	58
66	10	58
67	10	57
68	10	58
69	10	58
70	10	58
71	10	58
72	10	59
41	11	61
42	11	59
43	11	58
44	11	58
45	11	59
46	11	59
47	11	58
48	11	59
49	11	58
50	11	59
51	11	57
52	11	58
53	11	57
54	11	58
55	11	57
56	11	57
57	11	57
58	11	57
59	11	57
60	11	58
61	11	58
62	11	58
63	11	58
64	11	58
65	11	59
66	11	58
67	11	60
68	11	63
69	11	61
70	11	57
71	11	60
72	11	61
73	11	63
40	12	0
41	12	60
42	12	58
43	12	58
44	12	60
45	12	60
46	12	58
47	12	59
48	12	58
49	12	59
50	12	58
51	12	58
52	12	58
53	12	58
54	12	56
55	12	57
56	12	57
57	12	57
58	12	58
59	12	58
60	12	58
61	12	58
62	12	57
63	12	58
64	12	58
65	12	58
66	12	61
67	12	58
68	12	57
69	12	62
70	12	63
71	12	63
72	12	57
41	13	62
42	13	57
43	13	59
44	13	59
45	13	59
46	13	61
47	13	58
48	13	58
49	13	57
50	13	58
51	13	59
52	13	56
53	13	57
54	13	57
55	13	57
56	13	57
57	13	57
58	13	58
59	13	58
60	13	58
61	13	58
62	13	58
63	13	58
64	13	58
65	13	58
66	13	60
67	13	61
68	13	60
69	13	64
70	13	65
71	13	65
40	14	56
41	14	58
42	14	57
43	14	58
44	14	59
45	14	60
46	14	61
47	14	58
48	14	58
49	14	58
50	14	58
51	14	58
52	14	57
53	14	57
54	14	56
55	14	57
56	14	57
57	14	57
58	14	57
59	14	59
60	14	58
61	14	58
62	14	57
63	14	58
64	14	58
65	14	59
66	14	59
67	14	60
68	14	58
69	14	61
70	14	66
39	15	62
40	15	62
41	15	61
42	15	59
43	15	58
44	15	59
45	15	58
46	15	63
47	15	58
48	15	58
49	15	57
50	15	57
51	15	58
52	15	58
53	15	57
54	15	57
55	15	56
56	15	56
57	15	58
58	15	57
59	15	57
60	15	57
61	15	57
62	15	56
63	15	58
64	15	60
65	15	59
66	15	59
67	15	59
68	15	59
69	15	59
70	15	60
40	16	61
41	16	68
42	16	59
43	16	57
44	16	59
45	16	59
46	16	59
47	16	58
48	16	58
49	16	58
50	16	58
51	16	57
52	16	57
53	16	56
54	16	56
55	16	57
56	16	56
57	16	57
58	16	58
59	16	57
60	16	57
61	16	57
62	16	58
63	16	57
64	16	59
65	16	58
66	16	58
67	16	59
68	16	59
69	16	59
70	16	59
40	17	63
41	17	62
42	17	60
43	17	60
44	17	58
45	17	59
46	17	58
47	17	58
48	17	58
49	17	58
50	17	57
51	17	57
52	17	57
53	17	56
54	17	55
55	17	56
56	17	56
57	17	57
58	17	57
59	17	57
60	17	57
61	17	57
62	17	57
63	17	57
64	17	57
65	17	57
66	17	58
67	17	58
68	17	58
69	17	59
70	17	60
71	17	60
40	18	63
41	18	63
42	18	60
43	18	59
44	18	59
45	18	59
46	18	58
47	18	58
48	18	57
49	18	58
50	18	57
51	18	57
52	18	56
53	18	56
54	18	56
55	18	56
56	18	56
57	18	56
58	18	57
59	18	57
60	18	57
61	18	57
62	18	57
63	18	57
64	18	57
65	18	57
66	18	57
67	18	57
68	18	58
69	18	59
70	18	61
71	18	60
72	18	61
41	19	64
42	19	59
43	19	59
44	19	58
45	19	58
46	19	58
47	19	58
48	19	58
49	19	57
50	19	57
51	19	57
52	19	57
53	19	56
54	19	56
55	19	56
56	19	56
57	19	57
58	19	57
59	19	57
60	19	58
61	19	57
62	19	57
63	19	57
64	19	57
65	19	57
66	19	57
67	19	57
68	19	58
69	19	60
70	19	61
71	19	62
72	19	63
73	19	65
42	20	58
43	20	59
44	20	58
45	20	58
46	20	58
47	20	57
48	20	57
49	20	57
50	20	57
51	20	57
52	20	57
53	20	56
54	20	56
55	20	56
56	20	56
57	20	57
58	20	56
59	20	57
60	20	57
61	20	57
62	20	57
63	20	57
64	20	57
65	20	57
66	20	58
67	20	57
68	20	58
69	20	59
70	20	63
71	20	62
72	20	61
73	20	63
74	20	63
41	21	65
42	21	59
43	21	58
44	21	58
45	21	57
46	21	57
47	21	57
48	21	57
49	21	57
50	21	57
51	21	57
52	21	56
53	21	56
54	21	56
55	21	56
56	21	56
57	21	56
58	21	56
59	21	57
60	21	57
61	21	57
62	21	57
63	21	57
64	21	57
65	21	57
66	21	57
67	21	58
68	21	58
69	21	60
70	21	61
71	21	63
72	21	63
73	21	62
74	21	62
75	21	64
41	22	60
42	22	59
43	22	59
44	22	58
45	22	58
46	22	57
47	22	57
48	22	57
49	22	57
50	22	56
51	22	57
52	22	56
53	22	56
54	22	56
55	22	56
56	22	56
57	22	57
58	22	57
59	22	57
60	22	57
61	22	57
62	22	57
63	22	57
64	22	57
65	22	57
66	22	58
67	22	58
68	22	59
69	22	59
70	22	62
71	22	65
72	22	63
73	22	63
74	22	63
75	22	63
40	23	64
41	23	63
42	23	59
43	23	58
44	23	58
45	23	58
46	23	58
47	23	58
48	23	57
49	23	57
50	23	57
51	23	57
52	23	56
53	23	56
54	23	56
55	23	56
56	23	56
57	23	56
58	23	57
59	23	56
60	23	57
61	23	57
62	23	56
63	23	57
64	23	57
65	23	57
66	23	58
67	23	58
68	23	59
69	23	63
70	23	62
71	23	62
72	23	62
73	23	62
74	23	63
75	23	65
40	24	64
41	24	61
42	24	60
43	24	58
44	24	58
45	24	58
46	24	58
47	24	58
48	24	58
49	24	57
50	24	57
51	24	57
52	24	56
53	24	56
54	24	56
55	24	56
56	24	56
57	24	56
58	24	56
59	24	57
60	24	57
61	24	56
62	24	57
63	24	57
64	24	57
65	24	57
66	24	58
67	24	58
68	24	59
69	24	61
70	24	62
71	24	63
72	24	63
73	24	62
74	24	63
40	25	64
41	25	64
42	25	64
43	25	59
44	25	58
45	25	58
46	25	58
47	25	57
48	25	57
49	25	57
50	25	56
51	25	57
52	25	56
53	25	56
54	25	56
55	25	56
56	25	56
57	25	56
58	25	56
59	25	56
60	25	57
61	25	57
62	25	56
63	25	57
64	25	57
65	25	58
66	25	58
67	25	58
68	25	58
69	25	60
70	25	63
71	25	63
72	25	62
73	25	62
74	25	63
40	26	68
41	26	63
42	26	60
43	26	59
44	26	58
45	26	58
46	26	58
47	26	58
48	26	57
49	26	57
50	26	56
51	26	56
52	26	56
53	26	56
54	26	56
55	26	56
56	26	56
57	26	56
58	26	56
59	26	56
60	26	56
61	26	57
62	26	57
63	26	56
64	26	57
65	26	57
66	26	58
67	26	58
68	26	59
69	26	62
70	26	63
71	26	63
72	26	61
73	26	63
41	27	62
42	27	62
43	27	59
44	27	59
45	27	58
46	27	58
47	27	57
48	27	57
49	27	57
50	27	57
51	27	56
52	27	56
53	27	56
54	27	56
55	27	56
56	27	56
57	27	56
58	27	56
59	27	56
60	27	57
61	27	57
62	27	57
63	27	56
64	27	57
65	27	57
66	27	58
67	27	58
68	27	60
69	27	63
70	27	64
71	27	61
72	27	62
42	28	60
43	28	59
44	28	58
45	28	58
46	28	58
47	28	58
48	28	57
49	28	57
50	28	57
51	28	57
52	28	57
53	28	57
54	28	56
55	28	56
56	28	56
57	28	56
58	28	57
59	28	56
60	28	56
61	28	56
62	28	56
63	28	57
64	28	57
65	28	57
66	28	58
67	28	58
68	28	59
69	28	63
70	28	63
71	28	61
42	29	62
43	29	60
44	29	59
45	29	58
46	29	58
47	29	57
48	29	57
49	29	57
50	29	56
51	29	57
52	29	56
53	29	56
54	29	56
55	29	56
56	29	56
57	29	56
58	29	57
59	29	57
60	29	56
61	29	57
62	29	57
63	29	57
64	29	57
65	29	57
66	29	57
67	29	58
68	29	59
69	29	65
70	29	63
43	30	61
44	30	61
45	30	59
46	30	58
47	30	57
48	30	57
49	30	57
50	30	57
51	30	57
52	30	57
53	30	57
54	30	57
55	30	56
56	30	56
57	30	56
58	30	57
59	30	57
60	30	57
61	30	57
62	30	56
63	30	57
64	30	57
65	30	57
66	30	58
67	30	59
68	30	63
69	30	63
70	30	64
44	31	60
45	31	59
46	31	58
47	31	58
48	31	58
49	31	57
50	31	57
51	31	57
52	31	57
53	31	56
54	31	56
55	31	56
56	31	56
57	31	56
58	31	57
59	31	57
60	31	57
61	31	57
62	31	56
63	31	57
64	31	57
65	31	57
66	31	58
67	31	60
68	31	64
69	31	64
44	32	66
45	32	59
46	32	59
47	32	58
48	32	57
49	32	57
50	32	57
51	32	57
52	32	57
53	32	56
54	32	56
55	32	56
56	32	56
57	32	56
58	32	56
59	32	56
60	32	56
61	32	57
62	32	57
63	32	57
64	32	57
65	32	57
66	32	58
67	32	61
68	32	65
45	33	60
46	33	60
47	33	58
48	33	58
49	33	57
50	33	57
51	33	57
52	33	56
53	33	56
54	33	56
55	33	56
56	33	56
57	33	56
58	33	56
59	33	56
60	33	56
61	33	57
62	33	57
63	33	57
64	33	57
65	33	58
66	33	59
67	33	60
45	34	61
46	34	60
47	34	58
48	34	57
49	34	57
50	34	57
51	34	57
52	34	56
53	34	56
54	34	56
55	34	56
56	34	56
57	34	56
58	34	56
59	34	56
60	34	56
61	34	56
62	34	57
63	34	57
64	34	58
65	34	59
66	34	61
67	34	61
45	35	63
46	35	61
47	35	58
48	35	58
49	35	57
50	35	57
51	35	57
52	35	56
53	35	56
54	35	56
55	35	56
56	35	56
57	35	56
58	35	56
59	35	56
60	35	57
61	35	56
62	35	57
63	35	57
64	35	57
65	35	59
66	35	62
46	36	60
47	36	59
48	36	58
49	36	57
50	36	57
51	36	57
52	36	57
53	36	56
54	36	57
55	36	56
56	36	56
57	36	56
58	36	56
59	36	56
60	36	56
61	36	57
62	36	57
63	36	57
64	36	60
65	36	60
66	36	64
45	37	70
46	37	59
47	37	61
48	37	59
49	37	59
50	37	57
51	37	56
52	37	57
53	37	57
54	37	56
55	37	56
56	37	56
57	37	56
58	37	57
59	37	56
60	37	57
61	37	57
62	37	57
63	37	60
64	37	62
65	37	65
66	37	64
45	38	67
46	38	61
47	38	60
48	38	60
49	38	60
50	38	59
51	38	57
52	38	57
53	38	57
54	38	57
55	38	56
56	38	58
57	38	57
58	38	58
59	38	58
60	38	58
61	38	59
62	38	60
63	38	61
64	38	65
65	38	63
66	38	63
45	39	63
46	39	61
47	39	61
48	39	60
49	39	60
50	39	59
51	39	60
52	39	59
53	39	59
54	39	57
55	39	58
56	39	58
57	39	59
58	39	59
59	39	58
60	39	60
61	39	61
62	39	62
63	39	63
64	39	62
65	39	64
66	39	67
45	40	61
46	40	61
47	40	60
48	40	61
49	40	60
50	40	60
51	40	60
52	40	60
53	40	59
54	40	59
55	40	59
56	40	60
57	40	60
58	40	60
59	40	61
60	40	61
61	40	61
62	40	62
63	40	64
64	40	63
65	40	63
66	40	67
45	41	61
46	41	61
47	41	61
48	41	60
49	41	60
50	41	60
51	41	60
52	41	60
53	41	59
54	41	59
55	41	60
56	41	59
57	41	60
58	41	60
59	41	60
60	41	60
61	41	60
62	41	61
63	41	62
64	41	63
65	41	62
45	42	61
46	42	61
47	42	61
48	42	60
49	42	60
50	42	60
51	42	60
52	42	59
53	42	59
54	42	59
55	42	59
56	42	59
57	42	59
58	42	59
59	42	59
60	42	59
61	42	61
62	42	61
63	42	62
64	42	63
65	42	62
44	43	65
45	43	61
46	43	61
47	43	61
48	43	60
49	43	60
50	43	60
51	43	60
52	43	59
53	43	59
54	43	59
55	43	59
56	43	59
57	43	59
58	43	59
59	43	59
60	43	60
61	43	60
62	43	61
63	43	62
64	43	61
65	43	63
44	44	63
45	44	60
46	44	60
47	44	60
48	44	59
49	44	60
50	44	60
51	44	60
52	44	59
53	44	59
54	44	59
55	44	59
56	44	59
57	44	59
58	44	59
59	44	59
60	44	60
61	44	61
62	44	60
63	44	61
64	44	61
65	44	65
42	45	63
43	45	61
44	45	62
45	45	60
46	45	61
47	45	60
48	45	59
49	45	60
50	45	60
51	45	60
52	45	59
53	45	59
54	45	59
55	45	59
56	45	59
57	45	59
58	45	59
59	45	60
60	45	61
61	45	61
62	45	61
63	45	61
64	45	61
65	45	65
143	45	37
144	45	36
145	45	36
40	46	63
41	46	62
42	46	62
43	46	62
44	46	62
45	46	60
46	46	60
47	46	60
48	46	60
49	46	60
50	46	60
51	46	60
52	46	60
53	46	59
54	46	59
55	46	59
56	46	59
57	46	59
58	46	59
59	46	59
60	46	61
61	46	60
62	46	61
63	46	61
64	46	62
65	46	64
66	46	69
67	46	68
68	46	68
141	46	38
142	46	37
143	46	37
144	46	36
145	46	36
146	46	36
38	47	63
39	47	62
40	47	62
41	47	63
42	47	62
43	47	61
44	47	61
45	47	60
46	47	60
47	47	60
48	47	60
49	47	60
50	47	60
51	47	60
52	47	60
53	47	59
54	47	59
55	47	60
56	47	60
57	47	60
58	47	60
59	47	60
60	47	60
61	47	63
62	47	61
63	47	61
64	47	62
65	47	65
66	47	65
67	47	65
68	47	65
69	47	65
140	47	39
141	47	38
142	47	37
143	47	37
144	47	37
145	47	36
146	47	36
147	47	37
31	48	62
32	48	63
33	48	64
34	48	64
35	48	66
36	48	62
37	48	62
38	48	62
39	48	62
40	48	61
41	48	61
42	48	61
43	48	62
44	48	61
45	48	60
46	48	60
47	48	60
48	48	60
49	48	60
50	48	60
51	48	60
52	48	60
53	48	59
54	48	59
55	48	59
56	48	60
57	48	60
58	48	60
59	48	59
60	48	61
61	48	61
62	48	61
63	48	62
64	48	62
65	48	64
66	48	65
67	48	65
68	48	65
69	48	65
70	48	65
71	48	65
72	48	68
138	48	42
139	48	40
140	48	40
141	48	39
142	48	38
143	48	38
144	48	38
145	48	37
146	48	37
147	48	42
30	49	61
31	49	62
32	49	62
33	49	62
34	49	62
35	49	62
36	49	62
37	49	62
38	49	61
39	49	63
40	49	62
41	49	62
42	49	61
43	49	61
44	49	61
45	49	60
46	49	60
47	49	60
48	49	60
49	49	60
50	49	60
51	49	60
52	49	60
53	49	60
54	49	59
55	49	60
56	49	60
57	49	60
58	49	60
59	49	60
60	49	61
61	49	62
62	49	61
63	49	61
64	49	64
65	49	65
66	49	65
67	49	65
68	49	65
69	49	64
70	49	64
71	49	65
72	49	65
73	49	66
74	49	71
136	49	42
137	49	41
138	49	40
139	49	40
140	49	40
141	49	39
142	49	38
143	49	38
144	49	38
145	49	38
146	49	39
26	50	61
27	50	62
28	50	63
29	50	62
30	50	60
31	50	62
32	50	61
33	50	61
34	50	61
35	50	62
36	50	61
37	50	62
38	50	61
39	50	61
40	50	61
41	50	61
42	50	61
43	50	61
44	50	60
45	50	60
46	50	60
47	50	60
48	50	60
49	50	60
50	50	60
51	50	60
52	50	60
53	50	59
54	50	60
55	50	60
56	50	60
57	50	60
58	50	60
59	50	60
60	50	60
61	50	61
62	50	61
63	50	62
64	50	62
65	50	64
66	50	64
67	50	64
68	50	65
69	50	65
70	50	64
71	50	66
72	50	66
73	50	66
74	50	66
75	50	66
76	50	67
77	50	67
135	50	42
136	50	41
137	50	41
138	50	40
139	50	39
140	50	39
141	50	39
142	50	39
143	50	39
144	50	39
145	50	40
146	50	41
147	50	0
24	51	60
25	51	60
26	51	63
27	51	60
28	51	61
29	51	61
30	51	60
31	51	60
32	51	61
33	51	61
34	51	61
35	51	61
36	51	62
37	51	61
38	51	62
39	51	62
40	51	62
41	51	61
42	51	61
43	51	61
44	51	60
45	51	60
46	51	60
47	51	60
48	51	60
49	51	60
50	51	60
51	51	60
52	51	60
53	51	59
54	51	60
55	51	60
56	51	60
57	51	60
58	51	60
59	51	60
60	51	61
61	51	60
62	51	60
63	51	62
64	51	62
65	51	64
66	51	65
67	51	65
68	51	64
69	51	64
70	51	64
71	51	64
72	51	65
73	51	65
74	51	65
75	51	65
76	51	67
77	51	65
78	51	67
79	51	67
80	51	66
81	51	66
82	51	75
84	51	69
134	51	41
135	51	41
136	51	40
137	51	41
138	51	40
139	51	39
140	51	39
141	51	39
142	51	39
143	51	39
144	51	39
145	51	39
146	51	40
21	52	61
22	52	61
23	52	63
24	52	60
25	52	61
26	52	60
27	52	59
28	52	60
29	52	60
30	52	60
31	52	60
32	52	61
33	52	61
34	52	61
35	52	61
36	52	61
37	52	61
38	52	61
39	52	61
40	52	61
41	52	61
42	52	61
43	52	60
44	52	60
45	52	60
46	52	60
47	52	60
48	52	60
49	52	60
50	52	60
51	52	60
52	52	60
53	52	60
54	52	60
55	52	60
56	52	60
57	52	60
58	52	60
59	52	60
60	52	60
61	52	61
62	52	62
63	52	62
64	52	62
65	52	63
66	52	65
67	52	65
68	52	63
69	52	64
70	52	65
71	52	67
72	52	65
73	52	65
74	52	65
75	52	65
76	52	65
77	52	65
78	52	64
79	52	65
80	52	65
81	52	66
82	52	65
83	52	64
84	52	67
85	52	67
86	52	72
87	52	68
133	52	41
134	52	40
135	52	40
136	52	40
137	52	40
138	52	41
139	52	40
140	52	39
141	52	39
142	52	39
143	52	39
144	52	39
145	52	39
146	52	40
147	52	40
19	53	59
20	53	61
21	53	59
22	53	60
23	53	60
24	53	60
25	53	60
26	53	60
27	53	59
28	53	59
29	53	59
30	53	60
31	53	60
32	53	59
33	53	60
34	53	60
35	53	61
36	53	61
37	53	61
38	53	62
39	53	61
40	53	60
41	53	60
42	53	60
43	53	60
44	53	60
45	53	61
46	53	60
47	53	60
48	53	60
49	53	60
50	53	60
51	53	60
52	53	60
53	53	60
54	53	60
55	53	60
56	53	60
57	53	60
58	53	61
59	53	60
60	53	61
61	53	60
62	53	62
63	53	63
64	53	63
65	53	63
66	53	64
67	53	63
68	53	64
69	53	64
70	53	66
71	53	64
72	53	64
73	53	64
74	53	64
75	53	64
76	53	64
77	53	64
78	53	64
79	53	64
80	53	65
81	53	64
82	53	66
83	53	64
84	53	65
85	53	64
86	53	64
87	53	67
88	53	65
89	53	64
132	53	41
133	53	40
134	53	40
135	53	40
136	53	40
137	53	40
138	53	40
139	53	40
140	53	40
141	53	40
142	53	39
143	53	39
144	53	39
145	53	39
146	53	39
147	53	40
16	54	60
17	54	59
18	54	59
19	54	60
20	54	59
21	54	60
22	54	60
23	54	60
24	54	60
25	54	60
26	54	59
27	54	60
28	54	59
29	54	60
30	54	60
31	54	60
32	54	60
33	54	60
34	54	60
35	54	61
36	54	60
37	54	61
38	54	62
39	54	60
40	54	61
41	54	60
42	54	60
43	54	60
44	54	60
45	54	60
46	54	60
47	54	59
48	54	60
49	54	60
50	54	60
51	54	60
52	54	60
53	54	60
54	54	60
55	54	60
56	54	60
57	54	60
58	54	60
59	54	61
60	54	61
61	54	61
62	54	62
63	54	62
64	54	62
65	54	62
66	54	63
67	54	63
68	54	63
69	54	64
70	54	63
71	54	63
72	54	63
73	54	63
74	54	64
75	54	65
76	54	64
77	54	64
78	54	63
79	54	64
80	54	64
81	54	65
82	54	0
83	54	64
84	54	64
85	54	63
86	54	64
87	54	64
88	54	64
89	54	64
90	54	65
91	54	66
131	54	43
132	54	41
133	54	40
134	54	40
135	54	40
136	54	40
137	54	40
138	54	40
139	54	40
140	54	40
141	54	39
142	54	39
143	54	39
144	54	39
145	54	39
146	54	39
147	54	40
15	55	59
16	55	60
17	55	59
18	55	59
19	55	59
20	55	59
21	55	60
22	55	60
23	55	59
24	55	60
25	55	59
26	55	59
27	55	59
28	55	59
29	55	59
30	55	59
31	55	59
32	55	59
33	55	60
34	55	60
35	55	61
36	55	61
37	55	61
38	55	61
39	55	60
40	55	60
41	55	60
42	55	60
43	55	61
44	55	60
45	55	60
46	55	60
47	55	60
48	55	60
49	55	60
50	55	60
51	55	60
52	55	60
53	55	60
54	55	60
55	55	60
56	55	60
57	55	60
58	55	60
59	55	61
60	55	61
61	55	61
62	55	62
63	55	62
64	55	61
65	55	62
66	55	62
67	55	62
68	55	63
69	55	62
70	55	63
71	55	63
72	55	63
73	55	63
74	55	64
75	55	64
76	55	64
77	55	63
78	55	64
79	55	65
80	55	63
81	55	63
82	55	63
83	55	63
84	55	63
85	55	63
86	55	63
87	55	63
88	55	63
89	55	65
90	55	69
91	55	64
92	55	63
93	55	64
131	55	41
132	55	40
133	55	40
134	55	40
135	55	40
136	55	40
137	55	41
138	55	40
139	55	40
140	55	39
141	55	40
142	55	40
143	55	39
144	55	39
145	55	39
146	55	39
147	55	40
148	55	40
14	56	60
15	56	60
16	56	59
17	56	59
18	56	59
19	56	59
20	56	59
21	56	59
22	56	59
23	56	59
24	56	59
25	56	60
26	56	59
27	56	59
28	56	59
29	56	60
30	56	60
31	56	60
32	56	58
33	56	59
34	56	59
35	56	59
36	56	61
37	56	60
38	56	60
39	56	60
40	56	60
41	56	60
42	56	61
43	56	60
44	56	60
45	56	60
46	56	60
47	56	60
48	56	60
49	56	60
50	56	60
51	56	60
52	56	60
53	56	60
54	56	60
55	56	60
56	56	60
57	56	60
58	56	60
59	56	61
60	56	61
61	56	61
62	56	63
63	56	62
64	56	62
65	56	62
66	56	62
67	56	62
68	56	62
69	56	64
70	56	63
71	56	62
72	56	63
73	56	63
74	56	63
75	56	64
76	56	65
77	56	64
78	56	63
79	56	64
80	56	62
81	56	63
82	56	63
83	56	62
84	56	63
85	56	62
86	56	63
87	56	62
88	56	62
89	56	63
90	56	62
91	56	63
92	56	63
93	56	63
94	56	63
130	56	41
131	56	41
132	56	40
133	56	40
134	56	40
135	56	40
136	56	40
137	56	40
138	56	41
139	56	40
140	56	39
141	56	39
142	56	39
143	56	39
144	56	39
145	56	39
146	56	38
147	56	39
148	56	39
149	56	40
13	57	59
14	57	60
15	57	57
16	57	58
17	57	59
18	57	59
19	57	59
20	57	59
21	57	59
22	57	58
23	57	59
24	57	59
25	57	59
26	57	59
27	57	58
28	57	59
29	57	60
30	57	59
31	57	61
32	57	58
33	57	58
34	57	58
35	57	59
36	57	59
37	57	60
38	57	60
39	57	60
40	57	60
41	57	60
42	57	60
43	57	61
44	57	61
45	57	61
46	57	60
47	57	60
48	57	60
49	57	60
50	57	60
51	57	60
52	57	60
53	57	60
54	57	60
55	57	60
56	57	61
57	57	60
58	57	60
59	57	60
60	57	60
61	57	62
62	57	62
63	57	61
64	57	62
65	57	62
66	57	62
67	57	62
68	57	62
69	57	62
70	57	62
71	57	62
72	57	61
73	57	63
74	57	63
75	57	63
76	57	64
77	57	63
78	57	64
79	57	63
80	57	63
81	57	63
82	57	63
83	57	63
84	57	63
85	57	63
86	57	63
87	57	62
88	57	63
89	57	63
90	57	63
91	57	63
92	57	63
93	57	63
94	57	64
95	57	64
129	57	41
130	57	40
131	57	41
132	57	40
133	57	40
134	57	40
135	57	40
136	57	40
137	57	41
138	57	41
139	57	41
140	57	41
141	57	40
142	57	39
143	57	39
144	57	38
145	57	38
146	57	38
147	57	40
148	57	40
149	57	40
150	57	40
12	58	60
13	58	59
14	58	59
15	58	59
16	58	61
17	58	59
18	58	59
19	58	59
20	58	58
21	58	58
22	58	59
23	58	59
24	58	59
25	58	59
26	58	59
27	58	59
28	58	59
29	58	59
30	58	59
31	58	61
32	58	58
33	58	58
34	58	58
35	58	59
36	58	59
37	58	59
38	58	60
39	58	60
40	58	60
41	58	60
42	58	60
43	58	60
44	58	60
45	58	60
46	58	60
47	58	61
48	58	60
49	58	60
50	58	60
51	58	60
52	58	60
53	58	60
54	58	61
55	58	61
56	58	61
57	58	61
58	58	60
59	58	60
60	58	60
61	58	61
62	58	62
63	58	61
64	58	62
65	58	62
66	58	62
67	58	62
68	58	62
69	58	63
70	58	63
71	58	64
72	58	62
73	58	63
74	58	63
75	58	63
76	58	63
77	58	63
78	58	64
79	58	63
80	58	63
81	58	63
82	58	63
83	58	62
84	58	63
85	58	62
86	58	63
87	58	62
88	58	62
89	58	62
90	58	62
91	58	62
92	58	63
93	58	65
94	58	62
95	58	62
96	58	63
97	58	64
128	58	41
129	58	41
130	58	40
131	58	40
132	58	40
133	58	40
134	58	40
135	58	40
136	58	40
137	58	41
138	58	41
139	58	41
140	58	42
141	58	39
142	58	38
143	58	38
144	58	38
145	58	38
146	58	38
147	58	38
148	58	40
149	58	40
150	58	40
11	59	59
12	59	59
13	59	58
14	59	59
15	59	59
16	59	59
17	59	59
18	59	59
19	59	59
20	59	58
21	59	59
22	59	59
23	59	58
24	59	59
25	59	59
26	59	59
27	59	59
28	59	59
29	59	59
30	59	59
31	59	59
32	59	58
33	59	59
34	59	59
35	59	59
36	59	59
37	59	59
38	59	59
39	59	58
40	59	59
41	59	59
42	59	60
43	59	59
44	59	59
45	59	59
46	59	60
47	59	59
48	59	60
49	59	60
50	59	60
51	59	60
52	59	60
53	59	60
54	59	60
55	59	61
56	59	60
57	59	60
58	59	61
59	59	59
60	59	61
61	59	60
62	59	60
63	59	61
64	59	62
65	59	61
66	59	62
67	59	62
68	59	60
69	59	61
70	59	62
71	59	62
72	59	64
73	59	63
74	59	62
75	59	62
76	59	61
77	59	63
78	59	63
79	59	63
80	59	63
81	59	63
82	59	62
83	59	63
84	59	61
85	59	62
86	59	62
87	59	62
88	59	62
89	59	62
90	59	63
91	59	63
92	59	62
93	59	62
94	59	61
95	59	62
96	59	62
97	59	63
98	59	63
127	59	41
128	59	40
129	59	40
130	59	40
131	59	40
132	59	40
133	59	40
134	59	40
135	59	41
136	59	41
137	59	41
138	59	41
139	59	41
140	59	41
141	59	39
142	59	38
143	59	38
144	59	38
145	59	38
146	59	38
147	59	39
148	59	40
149	59	40
150	59	41
151	59	41
10	60	60
11	60	60
12	60	59
13	60	59
14	60	58
15	60	59
16	60	59
17	60	58
18	60	58
19	60	58
20	60	58
21	60	58
22	60	58
23	60	58
24	60	58
25	60	59
26	60	58
27	60	58
28	60	58
29	60	59
30	60	58
31	60	59
32	60	59
33	60	59
34	60	59
35	60	59
36	60	59
37	60	59
38	60	59
39	60	58
40	60	58
41	60	59
42	60	58
43	60	58
44	60	59
45	60	59
46	60	59
47	60	59
48	60	60
49	60	60
50	60	59
51	60	59
52	60	60
53	60	60
54	60	60
55	60	60
56	60	60
57	60	60
58	60	61
59	60	61
60	60	60
61	60	60
62	60	62
63	60	62
64	60	61
65	60	62
66	60	61
67	60	59
68	60	61
69	60	62
70	60	62
71	60	62
72	60	62
73	60	62
74	60	62
75	60	62
76	60	62
77	60	62
78	60	62
79	60	62
80	60	62
81	60	62
82	60	62
83	60	62
84	60	62
85	60	62
86	60	62
87	60	63
88	60	62
89	60	62
90	60	62
91	60	64
92	60	62
93	60	62
94	60	62
95	60	62
96	60	62
97	60	62
98	60	63
99	60	63
126	60	41
127	60	40
128	60	40
129	60	40
130	60	40
131	60	40
132	60	40
133	60	40
134	60	40
135	60	41
136	60	41
137	60	41
138	60	41
139	60	42
140	60	39
141	60	38
142	60	38
143	60	38
144	60	38
145	60	38
146	60	38
147	60	39
148	60	39
149	60	40
150	60	40
151	60	40
152	60	41
9	61	59
10	61	59
11	61	59
12	61	59
13	61	59
14	61	59
15	61	58
16	61	58
17	61	58
18	61	58
19	61	58
20	61	58
21	61	58
22	61	59
23	61	58
24	61	59
25	61	58
26	61	59
27	61	58
28	61	58
29	61	58
30	61	58
31	61	58
32	61	59
33	61	59
34	61	59
35	61	59
36	61	58
37	61	59
38	61	58
39	61	58
40	61	58
41	61	59
42	61	58
43	61	58
44	61	58
45	61	59
46	61	59
47	61	59
48	61	59
49	61	59
50	61	60
51	61	60
52	61	60
53	61	60
54	61	60
55	61	60
56	61	60
57	61	60
58	61	61
59	61	60
60	61	60
61	61	61
62	61	61
63	61	61
64	61	61
65	61	61
66	61	60
67	61	62
68	61	61
69	61	61
70	61	61
71	61	62
72	61	62
73	61	62
74	61	62
75	61	62
76	61	62
77	61	62
78	61	62
79	61	61
80	61	62
81	61	62
82	61	61
83	61	61
84	61	61
85	61	62
86	61	63
87	61	62
88	61	62
89	61	62
90	61	62
91	61	62
92	61	62
93	61	62
94	61	62
95	61	62
96	61	62
97	61	61
98	61	61
99	61	62
100	61	63
101	61	63
126	61	41
127	61	40
128	61	40
129	61	40
130	61	40
131	61	40
132	61	40
133	61	40
134	61	41
135	61	41
136	61	41
137	61	42
138	61	42
139	61	40
140	61	38
141	61	38
142	61	38
143	61	38
144	61	38
145	61	38
146	61	39
147	61	38
148	61	39
149	61	40
150	61	41
151	61	41
152	61	41
9	62	60
10	62	59
11	62	59
12	62	58
13	62	58
14	62	59
15	62	58
16	62	58
17	62	58
18	62	58
19	62	58
20	62	58
21	62	58
22	62	58
23	62	58
24	62	58
25	62	59
26	62	58
27	62	58
28	62	58
29	62	58
30	62	58
31	62	58
32	62	59
33	62	58
34	62	58
35	62	58
36	62	59
37	62	58
38	62	59
39	62	58
40	62	58
41	62	58
42	62	59
43	62	58
44	62	58
45	62	58
46	62	58
47	62	58
48	62	59
49	62	58
50	62	59
51	62	60
52	62	60
53	62	60
54	62	61
55	62	60
56	62	61
57	62	60
58	62	60
59	62	60
60	62	60
61	62	61
62	62	60
63	62	61
64	62	60
65	62	61
66	62	61
67	62	61
68	62	61
69	62	61
70	62	61
71	62	61
72	62	61
73	62	62
74	62	62
75	62	61
76	62	61
77	62	62
78	62	61
79	62	61
80	62	61
81	62	62
82	62	61
83	62	62
84	62	62
85	62	62
86	62	62
87	62	62
88	62	62
89	62	62
90	62	62
91	62	61
92	62	61
93	62	62
94	62	61
95	62	61
96	62	61
97	62	61
98	62	62
99	62	65
100	62	63
101	62	63
102	62	68
125	62	47
126	62	41
127	62	40
128	62	40
129	62	40
130	62	40
131	62	40
132	62	40
133	62	41
134	62	41
135	62	41
136	62	41
137	62	41
138	62	41
139	62	38
140	62	38
141	62	38
142	62	38
143	62	38
144	62	38
145	62	38
146	62	38
147	62	39
148	62	39
149	62	40
150	62	40
151	62	41
152	62	40
153	62	43
9	63	60
10	63	59
11	63	59
12	63	58
13	63	59
14	63	58
15	63	58
16	63	58
17	63	58
18	63	58
19	63	58
20	63	58
21	63	58
22	63	58
23	63	58
24	63	59
25	63	58
26	63	59
27	63	58
28	63	57
29	63	58
30	63	58
31	63	58
32	63	58
33	63	58
34	63	58
35	63	58
36	63	59
37	63	59
38	63	59
39	63	58
40	63	60
41	63	60
42	63	59
43	63	59
44	63	59
45	63	58
46	63	58
47	63	57
48	63	59
49	63	59
50	63	59
51	63	59
52	63	59
53	63	60
54	63	59
55	63	60
56	63	60
57	63	60
58	63	60
59	63	60
60	63	60
61	63	60
62	63	60
63	63	60
64	63	61
65	63	61
66	63	61
67	63	61
68	63	61
69	63	61
70	63	61
71	63	61
72	63	61
73	63	61
74	63	61
75	63	62
76	63	62
77	63	61
78	63	62
79	63	62
80	63	61
81	63	61
82	63	62
83	63	62
84	63	62
85	63	62
86	63	62
87	63	62
88	63	62
89	63	62
90	63	62
91	63	62
92	63	62
93	63	61
94	63	60
95	63	62
96	63	61
97	63	61
98	63	62
99	63	61
100	63	62
101	63	61
102	63	62
103	63	63
126	63	42
127	63	41
128	63	40
129	63	40
130	63	39
131	63	39
132	63	39
133	63	40
134	63	41
135	63	42
136	63	41
137	63	40
138	63	38
139	63	38
140	63	38
141	63	38
142	63	38
143	63	38
144	63	38
145	63	39
146	63	39
147	63	39
148	63	39
149	63	39
150	63	40
151	63	40
152	63	41
9	64	60
10	64	62
11	64	59
12	64	59
13	64	59
14	64	58
15	64	58
16	64	58
17	64	58
18	64	58
19	64	58
20	64	58
21	64	58
22	64	58
23	64	58
24	64	59
25	64	58
26	64	58
27	64	58
28	64	58
29	64	58
30	64	58
31	64	58
32	64	58
33	64	58
34	64	58
35	64	58
36	64	58
37	64	58
38	64	59
39	64	58
40	64	58
41	64	58
42	64	58
43	64	58
44	64	58
45	64	58
46	64	58
47	64	58
48	64	59
49	64	59
50	64	59
51	64	59
52	64	59
53	64	59
54	64	60
55	64	60
56	64	60
57	64	59
58	64	60
59	64	60
60	64	60
61	64	60
62	64	60
63	64	60
64	64	60
65	64	61
66	64	61
67	64	61
68	64	61
69	64	61
70	64	61
71	64	61
72	64	61
73	64	61
74	64	62
75	64	62
76	64	63
77	64	62
78	64	62
79	64	62
80	64	62
81	64	62
82	64	62
83	64	62
84	64	62
85	64	62
86	64	62
87	64	61
88	64	62
89	64	62
90	64	59
91	64	62
92	64	62
93	64	60
94	64	61
95	64	61
96	64	61
97	64	61
98	64	61
99	64	61
100	64	60
101	64	60
102	64	60
103	64	61
104	64	64
125	64	52
126	64	46
127	64	42
128	64	41
129	64	39
130	64	39
131	64	39
132	64	39
133	64	39
134	64	39
135	64	39
136	64	39
137	64	38
138	64	38
139	64	38
140	64	38
141	64	38
142	64	38
143	64	38
144	64	39
145	64	39
146	64	39
147	64	39
148	64	39
149	64	40
150	64	40
151	64	40
152	64	41
9	65	61
10	65	61
11	65	61
12	65	59
13	65	58
14	65	58
15	65	58
16	65	58
17	65	58
18	65	58
19	65	58
20	65	58
21	65	59
22	65	58
23	65	58
24	65	58
25	65	58
26	65	58
27	65	58
28	65	58
29	65	58
30	65	58
31	65	58
32	65	60
33	65	58
34	65	58
35	65	58
36	65	59
37	65	59
38	65	59
39	65	59
40	65	58
41	65	57
42	65	59
43	65	59
44	65	59
45	65	58
46	65	59
47	65	59
48	65	59
49	65	58
50	65	59
51	65	58
52	65	59
53	65	58
54	65	59
55	65	59
56	65	59
57	65	59
58	65	59
59	65	60
60	65	60
61	65	60
62	65	60
63	65	60
64	65	60
65	65	61
66	65	60
67	65	60
68	65	61
69	65	61
70	65	61
71	65	63
72	65	61
73	65	62
74	65	61
75	65	62
76	65	62
77	65	62
78	65	63
79	65	62
80	65	62
81	65	62
82	65	62
83	65	62
84	65	62
85	65	62
86	65	62
87	65	62
88	65	62
89	65	62
90	65	62
91	65	62
92	65	61
93	65	61
94	65	61
95	65	61
96	65	61
97	65	61
98	65	60
99	65	61
100	65	61
101	65	60
102	65	61
103	65	59
104	65	61
105	65	60
106	65	60
124	65	53
125	65	51
126	65	50
127	65	47
128	65	42
129	65	39
130	65	39
131	65	39
132	65	39
133	65	39
134	65	39
135	65	39
136	65	38
137	65	38
138	65	38
139	65	38
140	65	38
141	65	38
142	65	38
143	65	39
144	65	39
145	65	39
146	65	38
147	65	39
148	65	39
149	65	40
150	65	40
151	65	40
152	65	41
8	66	60
9	66	59
10	66	60
11	66	61
12	66	60
13	66	59
14	66	58
15	66	58
16	66	58
17	66	58
18	66	58
19	66	58
20	66	58
21	66	58
22	66	58
23	66	58
24	66	58
25	66	57
26	66	58
27	66	58
28	66	58
29	66	58
30	66	58
31	66	58
32	66	57
33	66	58
34	66	58
35	66	58
36	66	58
37	66	58
38	66	58
39	66	58
40	66	58
41	66	58
42	66	58
43	66	58
44	66	58
45	66	58
46	66	58
47	66	59
48	66	58
49	66	58
50	66	58
51	66	58
52	66	58
53	66	58
54	66	58
55	66	58
56	66	59
57	66	59
58	66	59
59	66	60
60	66	60
61	66	60
62	66	60
63	66	60
64	66	60
65	66	60
66	66	60
67	66	61
68	66	60
69	66	62
70	66	62
71	66	62
72	66	62
73	66	61
74	66	62
75	66	62
76	66	60
77	66	62
78	66	62
79	66	62
80	66	62
81	66	62
82	66	62
83	66	62
84	66	62
85	66	62
86	66	62
87	66	62
88	66	62
89	66	62
90	66	62
91	66	61
92	66	61
93	66	61
94	66	62
95	66	61
96	66	61
97	66	61
98	66	61
99	66	60
100	66	60
101	66	60
102	66	60
103	66	59
104	66	59
105	66	59
106	66	60
107	66	59
108	66	58
109	66	60
123	66	55
124	66	52
125	66	51
126	66	51
127	66	51
128	66	46
129	66	39
130	66	39
131	66	39
132	66	39
133	66	39
134	66	39
135	66	39
136	66	39
137	66	38
138	66	38
139	66	38
140	66	38
141	66	39
142	66	39
143	66	39
144	66	39
145	66	39
146	66	38
147	66	39
148	66	39
149	66	40
150	66	40
151	66	40
7	67	59
8	67	60
9	67	59
10	67	59
11	67	59
12	67	59
13	67	58
14	67	59
15	67	59
16	67	59
17	67	58
18	67	57
19	67	58
20	67	58
21	67	58
22	67	58
23	67	58
24	67	58
25	67	58
26	67	57
27	67	57
28	67	58
29	67	58
30	67	58
31	67	58
32	67	58
33	67	57
34	67	58
35	67	58
36	67	58
37	67	59
38	67	58
39	67	58
40	67	58
41	67	58
42	67	58
43	67	58
44	67	59
45	67	58
46	67	58
47	67	58
48	67	58
49	67	58
50	67	58
51	67	58
52	67	58
53	67	58
54	67	58
55	67	59
56	67	59
57	67	59
58	67	59
59	67	60
60	67	60
61	67	60
62	67	60
63	67	60
64	67	60
65	67	60
66	67	54
67	67	63
68	67	61
69	67	60
70	67	62
71	67	64
72	67	61
73	67	61
74	67	62
75	67	61
76	67	62
77	67	62
78	67	62
79	67	62
80	67	62
81	67	62
82	67	61
83	67	62
84	67	62
85	67	62
86	67	63
87	67	62
88	67	62
89	67	62
90	67	62
91	67	61
92	67	61
93	67	61
94	67	62
95	67	61
96	67	61
97	67	60
98	67	60
99	67	60
100	67	60
101	67	59
102	67	59
103	67	59
104	67	59
105	67	58
106	67	58
107	67	58
108	67	58
109	67	58
110	67	59
111	67	61
122	67	55
123	67	53
124	67	52
125	67	51
126	67	51
127	67	50
128	67	50
129	67	43
130	67	39
131	67	39
132	67	39
133	67	39
134	67	39
135	67	39
136	67	38
137	67	40
138	67	38
139	67	38
140	67	38
141	67	39
142	67	39
143	67	39
144	67	39
145	67	39
146	67	39
147	67	39
148	67	39
149	67	40
150	67	40
151	67	40
7	68	59
8	68	59
9	68	59
10	68	59
11	68	59
12	68	58
13	68	59
14	68	58
15	68	57
16	68	57
17	68	57
18	68	57
19	68	57
20	68	57
21	68	58
22	68	58
23	68	57
24	68	58
25	68	57
26	68	57
27	68	57
28	68	57
29	68	57
30	68	57
31	68	57
32	68	57
33	68	57
34	68	58
35	68	58
36	68	58
37	68	58
38	68	58
39	68	57
40	68	58
41	68	58
42	68	58
43	68	58
44	68	58
45	68	58
46	68	58
47	68	59
48	68	58
49	68	59
50	68	58
51	68	58
52	68	58
53	68	58
54	68	58
55	68	58
56	68	59
57	68	59
58	68	59
59	68	60
60	68	60
61	68	60
62	68	61
63	68	60
64	68	60
65	68	60
66	68	60
67	68	60
68	68	61
69	68	63
70	68	63
71	68	61
72	68	61
73	68	61
74	68	61
75	68	61
76	68	61
77	68	61
78	68	61
79	68	62
80	68	61
81	68	61
82	68	61
83	68	62
84	68	63
85	68	63
86	68	62
87	68	62
88	68	62
89	68	62
90	68	61
91	68	62
92	68	62
93	68	61
94	68	61
95	68	61
96	68	60
97	68	61
98	68	60
99	68	61
100	68	60
101	68	59
102	68	59
103	68	59
104	68	59
105	68	59
106	68	58
107	68	58
108	68	59
109	68	58
110	68	57
111	68	58
112	68	58
113	68	58
114	68	59
121	68	55
122	68	52
123	68	52
124	68	52
125	68	51
126	68	51
127	68	50
128	68	49
129	68	48
130	68	43
131	68	40
132	68	40
133	68	39
134	68	39
135	68	38
136	68	38
137	68	45
138	68	42
139	68	40
140	68	40
141	68	39
142	68	39
143	68	39
144	68	39
145	68	40
146	68	39
147	68	40
148	68	40
149	68	40
150	68	40
7	69	60
8	69	59
9	69	59
10	69	59
11	69	59
12	69	59
13	69	58
14	69	58
15	69	58
16	69	58
17	69	57
18	69	57
19	69	57
20	69	57
21	69	58
22	69	57
23	69	58
24	69	58
25	69	58
26	69	57
27	69	57
28	69	57
29	69	57
30	69	57
31	69	57
32	69	57
33	69	58
34	69	58
35	69	58
36	69	58
37	69	58
38	69	58
39	69	58
40	69	58
41	69	58
42	69	58
43	69	58
44	69	58
45	69	58
46	69	58
47	69	58
48	69	58
49	69	58
50	69	58
51	69	58
52	69	58
53	69	58
54	69	59
55	69	59
56	69	59
57	69	59
58	69	59
59	69	60
60	69	60
61	69	61
62	69	61
63	69	61
64	69	61
65	69	60
66	69	60
67	69	60
68	69	60
69	69	60
70	69	60
71	69	61
72	69	61
73	69	61
74	69	61
75	69	61
76	69	62
77	69	61
78	69	61
79	69	61
80	69	61
81	69	60
82	69	62
83	69	62
84	69	63
85	69	63
86	69	62
87	69	62
88	69	62
89	69	62
90	69	62
91	69	62
92	69	62
93	69	62
94	69	61
95	69	61
96	69	61
97	69	60
98	69	60
99	69	60
100	69	59
101	69	59
102	69	58
103	69	58
104	69	58
105	69	58
106	69	58
107	69	58
108	69	58
109	69	58
110	69	57
111	69	58
112	69	57
113	69	58
114	69	57
115	69	58
116	69	58
117	69	61
118	69	63
119	69	57
120	69	55
121	69	55
122	69	54
123	69	52
124	69	52
125	69	51
126	69	51
127	69	50
128	69	49
129	69	49
130	69	47
131	69	46
132	69	43
133	69	40
134	69	39
135	69	38
136	69	41
137	69	45
138	69	42
139	69	40
140	69	40
141	69	39
142	69	39
143	69	39
144	69	40
145	69	40
146	69	40
147	69	40
148	69	40
149	69	40
150	69	39
7	70	59
8	70	59
9	70	59
10	70	59
11	70	59
12	70	59
13	70	58
14	70	58
15	70	57
16	70	57
17	70	57
18	70	57
19	70	58
20	70	58
21	70	58
22	70	57
23	70	58
24	70	57
25	70	58
26	70	57
27	70	57
28	70	57
29	70	57
30	70	57
31	70	57
32	70	57
33	70	57
34	70	57
35	70	57
36	70	57
37	70	57
38	70	58
39	70	58
40	70	58
41	70	58
42	70	58
43	70	58
44	70	57
45	70	59
46	70	58
47	70	58
48	70	57
49	70	58
50	70	59
51	70	59
52	70	59
53	70	59
54	70	59
55	70	58
56	70	59
57	70	60
58	70	60
59	70	60
60	70	60
61	70	61
62	70	60
63	70	60
64	70	60
65	70	60
66	70	60
67	70	60
68	70	60
69	70	60
70	70	60
71	70	61
72	70	61
73	70	61
74	70	61
75	70	61
76	70	61
77	70	61
78	70	61
79	70	62
80	70	61
81	70	62
82	70	62
83	70	63
84	70	64
85	70	62
86	70	63
87	70	63
88	70	62
89	70	62
90	70	62
91	70	62
92	70	62
93	70	61
94	70	61
95	70	61
96	70	61
97	70	61
98	70	60
99	70	60
100	70	60
101	70	59
102	70	59
103	70	59
104	70	58
105	70	59
106	70	58
107	70	57
108	70	58
109	70	57
110	70	57
111	70	57
112	70	57
113	70	57
114	70	57
115	70	58
116	70	58
117	70	61
118	70	59
119	70	57
120	70	55
121	70	53
122	70	52
123	70	52
124	70	52
125	70	51
126	70	51
127	70	50
128	70	50
129	70	48
130	70	48
131	70	48
132	70	48
133	70	44
134	70	41
135	70	40
136	70	46
137	70	46
138	70	50
139	70	45
140	70	41
141	70	41
142	70	41
143	70	41
144	70	41
145	70	40
146	70	40
147	70	40
148	70	40
149	70	39
7	71	59
8	71	60
9	71	59
10	71	59
11	71	58
12	71	58
13	71	58
14	71	58
15	71	58
16	71	58
17	71	58
18	71	58
19	71	57
20	71	58
21	71	57
22	71	57
23	71	58
24	71	58
25	71	58
26	71	57
27	71	57
28	71	57
29	71	57
30	71	57
31	71	58
32	71	58
33	71	57
34	71	58
35	71	57
36	71	58
37	71	58
38	71	58
39	71	58
40	71	58
41	71	58
42	71	58
43	71	57
44	71	58
45	71	57
46	71	58
47	71	58
48	71	58
49	71	58
50	71	58
51	71	58
52	71	58
53	71	58
54	71	60
55	71	59
56	71	60
57	71	60
58	71	60
59	71	60
60	71	60
61	71	60
62	71	60
63	71	60
64	71	61
65	71	60
66	71	60
67	71	60
68	71	60
69	71	61
70	71	60
71	71	60
72	71	61
73	71	61
74	71	61
75	71	61
76	71	61
77	71	62
78	71	65
79	71	61
80	71	62
81	71	62
82	71	63
83	71	65
84	71	62
85	71	63
86	71	62
87	71	63
88	71	62
89	71	62
90	71	62
91	71	61
92	71	63
93	71	61
94	71	62
95	71	61
96	71	61
97	71	60
98	71	60
99	71	59
100	71	59
101	71	58
102	71	59
103	71	58
104	71	58
105	71	59
106	71	58
107	71	58
108	71	58
109	71	57
110	71	57
111	71	57
112	71	57
113	71	57
114	71	57
115	71	57
116	71	59
117	71	58
118	71	57
119	71	54
120	71	55
121	71	53
122	71	52
123	71	52
124	71	52
125	71	51
126	71	50
127	71	50
128	71	50
129	71	49
130	71	49
131	71	48
132	71	48
133	71	47
134	71	47
135	71	47
136	71	48
144	71	42
145	71	42
146	71	41
147	71	40
148	71	43
7	72	58
8	72	59
9	72	58
10	72	60
11	72	59
12	72	58
13	72	58
14	72	58
15	72	58
16	72	58
17	72	58
18	72	58
19	72	58
20	72	58
21	72	57
22	72	57
23	72	57
24	72	58
25	72	57
26	72	57
27	72	57
28	72	56
29	72	55
30	72	57
31	72	57
32	72	57
33	72	57
34	72	58
35	72	58
36	72	57
37	72	58
38	72	57
39	72	58
40	72	57
41	72	57
42	72	56
43	72	57
44	72	57
45	72	56
46	72	58
47	72	58
48	72	58
49	72	58
50	72	58
51	72	59
52	72	59
53	72	58
54	72	58
55	72	59
56	72	59
57	72	60
58	72	60
59	72	59
60	72	59
61	72	59
62	72	59
63	72	60
64	72	59
65	72	60
66	72	60
67	72	60
68	72	60
69	72	60
70	72	60
71	72	60
72	72	60
73	72	60
74	72	61
75	72	61
76	72	62
77	72	63
78	72	63
79	72	62
80	72	63
81	72	62
82	72	63
83	72	63
84	72	63
85	72	63
86	72	63
87	72	63
88	72	62
89	72	61
90	72	63
91	72	63
92	72	62
93	72	62
94	72	62
95	72	61
96	72	61
97	72	61
98	72	60
99	72	61
100	72	60
101	72	59
102	72	59
103	72	59
104	72	59
105	72	58
106	72	57
107	72	57
108	72	57
109	72	57
110	72	57
111	72	57
112	72	57
113	72	57
114	72	57
115	72	57
116	72	59
117	72	57
118	72	55
119	72	54
120	72	55
121	72	52
122	72	52
123	72	52
124	72	52
125	72	50
126	72	51
127	72	50
128	72	50
129	72	49
130	72	48
131	72	48
132	72	48
133	72	48
134	72	48
135	72	47
136	72	48
7	73	58
8	73	57
9	73	59
10	73	57
11	73	59
12	73	58
13	73	58
14	73	58
15	73	58
16	73	58
17	73	58
18	73	58
19	73	58
20	73	57
21	73	57
22	73	57
23	73	57
24	73	58
25	73	58
26	73	57
27	73	57
28	73	56
29	73	56
30	73	56
31	73	56
32	73	58
33	73	57
34	73	57
35	73	58
36	73	58
37	73	58
38	73	58
39	73	57
40	73	57
41	73	57
42	73	58
43	73	57
44	73	57
45	73	58
46	73	58
47	73	58
48	73	58
49	73	58
50	73	58
51	73	58
52	73	58
53	73	58
54	73	58
55	73	58
56	73	58
57	73	59
58	73	59
59	73	60
60	73	60
61	73	60
62	73	60
63	73	60
64	73	60
65	73	60
66	73	60
67	73	60
68	73	60
69	73	60
70	73	60
71	73	60
72	73	60
73	73	59
74	73	58
75	73	62
76	73	63
77	73	62
78	73	68
79	73	62
80	73	62
81	73	61
82	73	61
83	73	63
84	73	63
85	73	64
86	73	63
87	73	62
88	73	61
89	73	62
90	73	61
91	73	63
92	73	63
93	73	62
94	73	63
95	73	61
96	73	61
97	73	61
98	73	60
99	73	59
100	73	61
101	73	59
102	73	59
103	73	59
104	73	58
105	73	59
106	73	58
107	73	58
108	73	57
109	73	57
110	73	57
111	73	57
112	73	57
113	73	57
114	73	57
115	73	59
116	73	58
117	73	57
118	73	57
119	73	53
120	73	53
121	73	53
122	73	53
123	73	52
124	73	51
125	73	51
126	73	50
127	73	50
128	73	49
129	73	49
130	73	49
131	73	49
132	73	49
133	73	48
134	73	48
135	73	48
6	74	59
7	74	58
8	74	60
9	74	57
10	74	58
11	74	57
12	74	57
13	74	59
14	74	59
15	74	58
16	74	58
17	74	58
18	74	58
19	74	57
20	74	58
21	74	58
22	74	57
23	74	58
24	74	57
25	74	58
26	74	58
27	74	57
28	74	57
29	74	57
30	74	57
31	74	57
32	74	57
33	74	58
34	74	57
35	74	57
36	74	57
37	74	57
38	74	57
39	74	57
40	74	57
41	74	57
42	74	57
43	74	57
44	74	57
45	74	57
46	74	58
47	74	58
48	74	58
49	74	58
50	74	58
51	74	58
52	74	58
53	74	58
54	74	58
55	74	58
56	74	58
57	74	59
58	74	59
59	74	59
60	74	60
61	74	60
62	74	60
63	74	60
64	74	60
65	74	60
66	74	60
67	74	60
68	74	60
69	74	60
70	74	63
71	74	63
72	74	63
73	74	59
74	74	63
75	74	61
76	74	61
77	74	62
78	74	61
79	74	61
80	74	62
81	74	62
82	74	63
83	74	62
84	74	63
85	74	63
86	74	63
87	74	63
88	74	61
89	74	62
90	74	63
91	74	61
92	74	64
93	74	62
94	74	62
95	74	62
96	74	61
97	74	61
98	74	61
99	74	61
100	74	60
101	74	61
102	74	59
103	74	59
104	74	59
105	74	58
106	74	58
107	74	58
108	74	57
109	74	57
110	74	57
111	74	57
112	74	56
113	74	56
114	74	58
115	74	59
116	74	57
117	74	56
118	74	55
119	74	55
120	74	53
121	74	52
122	74	52
123	74	51
124	74	50
125	74	50
126	74	50
127	74	50
128	74	49
129	74	50
130	74	50
131	74	49
132	74	48
133	74	49
134	74	49
5	75	58
6	75	59
7	75	59
8	75	58
9	75	58
10	75	61
11	75	57
12	75	56
13	75	57
14	75	58
15	75	59
16	75	58
17	75	58
18	75	58
19	75	58
20	75	58
21	75	58
22	75	57
23	75	58
24	75	58
25	75	58
26	75	58
27	75	57
28	75	57
29	75	57
30	75	57
31	75	57
32	75	57
33	75	57
34	75	57
35	75	57
36	75	57
37	75	57
38	75	57
39	75	57
40	75	57
41	75	57
42	75	57
43	75	57
44	75	58
45	75	57
46	75	57
47	75	58
48	75	58
49	75	58
50	75	58
51	75	58
52	75	58
53	75	58
54	75	58
55	75	58
56	75	58
57	75	59
58	75	59
59	75	59
60	75	59
61	75	59
62	75	60
63	75	60
64	75	60
65	75	61
66	75	60
67	75	60
68	75	61
69	75	61
70	75	61
71	75	60
72	75	59
73	75	58
74	75	62
75	75	62
76	75	61
77	75	61
78	75	61
79	75	61
80	75	62
81	75	62
82	75	62
83	75	63
84	75	64
85	75	65
86	75	64
87	75	62
88	75	61
89	75	63
90	75	63
91	75	61
92	75	63
93	75	63
94	75	62
95	75	62
96	75	62
97	75	60
98	75	61
99	75	61
100	75	60
101	75	61
102	75	59
103	75	59
104	75	59
105	75	59
106	75	58
107	75	58
108	75	57
109	75	57
110	75	57
111	75	57
112	75	57
113	75	56
114	75	59
115	75	57
116	75	57
117	75	56
118	75	56
119	75	53
120	75	53
121	75	53
122	75	52
123	75	52
124	75	51
125	75	51
126	75	50
127	75	50
128	75	50
129	75	50
130	75	50
131	75	50
132	75	50
133	75	49
134	75	49
5	76	59
6	76	59
7	76	59
8	76	59
9	76	59
10	76	58
11	76	58
12	76	57
13	76	57
14	76	57
15	76	58
16	76	58
17	76	58
18	76	58
19	76	58
20	76	57
21	76	57
22	76	57
23	76	57
24	76	57
25	76	57
26	76	57
27	76	57
28	76	57
29	76	57
30	76	57
31	76	57
32	76	57
33	76	57
34	76	57
35	76	57
36	76	57
37	76	57
38	76	57
39	76	57
40	76	57
41	76	57
42	76	57
43	76	57
44	76	57
45	76	57
46	76	57
47	76	57
48	76	58
49	76	58
50	76	57
51	76	57
52	76	58
53	76	58
54	76	58
55	76	58
56	76	58
57	76	58
58	76	59
59	76	60
60	76	59
61	76	60
62	76	60
63	76	60
64	76	60
65	76	60
66	76	60
67	76	59
68	76	60
69	76	61
70	76	61
71	76	60
72	76	62
73	76	61
74	76	61
75	76	61
76	76	61
77	76	61
78	76	61
79	76	62
80	76	62
81	76	62
82	76	62
83	76	63
84	76	65
85	76	65
86	76	64
87	76	62
88	76	64
89	76	66
90	76	66
91	76	65
92	76	64
93	76	63
94	76	63
95	76	62
96	76	61
97	76	62
98	76	61
99	76	60
100	76	60
101	76	60
102	76	60
103	76	59
104	76	59
105	76	59
106	76	59
107	76	58
108	76	58
109	76	57
110	76	57
111	76	57
112	76	57
113	76	57
114	76	58
115	76	57
116	76	56
117	76	55
118	76	54
119	76	54
120	76	53
121	76	52
122	76	53
123	76	52
124	76	51
125	76	52
126	76	51
127	76	50
128	76	50
129	76	50
130	76	50
131	76	50
132	76	50
133	76	51
5	77	59
6	77	59
7	77	59
8	77	59
9	77	59
10	77	59
11	77	58
12	77	58
13	77	58
14	77	58
15	77	57
16	77	57
17	77	58
18	77	58
19	77	58
20	77	58
21	77	58
22	77	58
23	77	57
24	77	57
25	77	57
26	77	57
27	77	58
28	77	57
29	77	57
30	77	57
31	77	57
32	77	57
33	77	57
34	77	57
35	77	57
36	77	57
37	77	57
38	77	57
39	77	57
40	77	57
41	77	57
42	77	57
43	77	57
44	77	57
45	77	57
46	77	57
47	77	57
48	77	57
49	77	57
50	77	58
51	77	57
52	77	57
53	77	58
54	77	58
55	77	58
56	77	58
57	77	58
58	77	59
59	77	58
60	77	59
61	77	59
62	77	60
63	77	59
64	77	60
65	77	59
66	77	60
67	77	60
68	77	61
69	77	61
70	77	60
71	77	61
72	77	61
73	77	61
74	77	61
75	77	61
76	77	61
77	77	61
78	77	61
79	77	61
80	77	62
81	77	62
82	77	62
83	77	65
84	77	65
85	77	65
86	77	65
87	77	62
88	77	67
89	77	66
90	77	66
91	77	66
92	77	63
93	77	63
94	77	63
95	77	62
96	77	63
97	77	62
98	77	61
99	77	61
100	77	61
101	77	60
102	77	60
103	77	60
104	77	59
105	77	59
106	77	58
107	77	58
108	77	58
109	77	57
110	77	57
111	77	57
112	77	57
113	77	57
114	77	57
115	77	57
116	77	56
117	77	56
118	77	54
119	77	54
120	77	53
121	77	53
122	77	52
123	77	52
124	77	52
125	77	51
126	77	51
127	77	50
128	77	50
129	77	50
130	77	50
131	77	52
132	77	52
5	78	59
6	78	59
7	78	59
8	78	59
9	78	59
10	78	59
11	78	58
12	78	58
13	78	58
14	78	58
15	78	58
16	78	58
17	78	57
18	78	58
19	78	58
20	78	58
21	78	58
22	78	57
23	78	57
24	78	58
25	78	57
26	78	57
27	78	57
28	78	57
29	78	57
30	78	57
31	78	57
32	78	57
33	78	57
34	78	57
35	78	57
36	78	57
37	78	57
38	78	57
39	78	57
40	78	57
41	78	57
42	78	57
43	78	58
44	78	57
45	78	57
46	78	58
47	78	57
48	78	57
49	78	58
50	78	58
51	78	58
52	78	58
53	78	58
54	78	58
55	78	58
56	78	59
57	78	59
58	78	59
59	78	58
60	78	59
61	78	59
62	78	60
63	78	60
64	78	60
65	78	60
66	78	60
67	78	60
68	78	60
69	78	60
70	78	60
71	78	60
72	78	61
73	78	60
74	78	60
75	78	61
76	78	61
77	78	61
78	78	61
79	78	61
80	78	60
81	78	62
82	78	64
83	78	63
84	78	66
85	78	66
86	78	67
87	78	64
88	78	66
89	78	66
90	78	66
91	78	66
92	78	66
93	78	66
94	78	63
95	78	62
96	78	64
97	78	62
98	78	62
99	78	61
100	78	61
101	78	61
102	78	61
103	78	59
104	78	59
105	78	59
106	78	58
107	78	58
108	78	58
109	78	58
110	78	57
111	78	57
112	78	57
113	78	57
114	78	57
115	78	56
116	78	56
117	78	55
118	78	54
119	78	54
120	78	54
121	78	53
122	78	52
123	78	52
124	78	52
125	78	52
126	78	51
127	78	51
128	78	52
129	78	51
130	78	52
131	78	52
132	78	53
5	79	58
6	79	59
7	79	59
8	79	59
9	79	59
10	79	58
11	79	59
12	79	58
13	79	58
14	79	58
15	79	58
16	79	57
17	79	56
18	79	57
19	79	58
20	79	57
21	79	58
22	79	58
23	79	58
24	79	58
25	79	58
26	79	58
27	79	57
28	79	57
29	79	57
30	79	57
31	79	57
32	79	56
33	79	57
34	79	57
35	79	57
36	79	57
37	79	57
38	79	57
39	79	57
40	79	57
41	79	58
42	79	57
43	79	58
44	79	59
45	79	58
46	79	58
47	79	58
48	79	57
49	79	57
50	79	56
51	79	58
52	79	57
53	79	58
54	79	57
55	79	58
56	79	59
57	79	59
58	79	59
59	79	59
60	79	59
61	79	60
62	79	60
63	79	60
64	79	60
65	79	60
66	79	60
67	79	60
68	79	60
69	79	60
70	79	60
71	79	60
72	79	61
73	79	60
74	79	61
75	79	61
76	79	61
77	79	61
78	79	61
79	79	61
80	79	59
81	79	61
82	79	67
83	79	67
84	79	67
85	79	67
86	79	67
87	79	64
88	79	66
89	79	66
90	79	66
91	79	66
92	79	66
93	79	67
94	79	66
95	79	65
96	79	63
97	79	63
98	79	63
99	79	62
100	79	61
101	79	61
102	79	61
103	79	61
104	79	60
105	79	59
106	79	59
107	79	59
108	79	58
109	79	58
110	79	57
111	79	57
112	79	58
113	79	57
114	79	57
115	79	57
116	79	56
117	79	56
118	79	55
119	79	54
120	79	54
121	79	53
122	79	52
123	79	52
124	79	53
125	79	52
126	79	52
127	79	52
128	79	52
129	79	52
130	79	52
131	79	52
5	80	58
6	80	57
7	80	58
8	80	58
9	80	59
10	80	59
11	80	59
12	80	58
13	80	58
14	80	58
15	80	58
16	80	58
17	80	58
18	80	59
19	80	58
20	80	58
21	80	58
22	80	57
23	80	57
24	80	57
25	80	58
26	80	57
27	80	57
28	80	57
29	80	57
30	80	58
31	80	57
32	80	57
33	80	58
34	80	56
35	80	57
36	80	56
37	80	57
38	80	57
39	80	57
40	80	58
41	80	58
42	80	58
43	80	58
44	80	58
45	80	58
46	80	58
47	80	58
48	80	58
49	80	58
50	80	57
51	80	57
52	80	57
53	80	58
54	80	58
55	80	59
56	80	59
57	80	59
58	80	60
59	80	59
60	80	59
61	80	59
62	80	60
63	80	60
64	80	60
65	80	60
66	80	60
67	80	60
68	80	60
69	80	60
70	80	60
71	80	60
72	80	60
73	80	61
74	80	61
75	80	61
76	80	61
77	80	61
78	80	61
79	80	62
80	80	62
81	80	65
82	80	68
83	80	72
84	80	71
85	80	72
86	80	69
87	80	67
88	80	65
89	80	67
90	80	66
91	80	66
92	80	67
93	80	66
94	80	65
95	80	66
96	80	66
97	80	64
98	80	64
99	80	64
100	80	63
101	80	61
102	80	61
103	80	61
104	80	62
105	80	60
106	80	60
107	80	59
108	80	58
109	80	58
110	80	58
111	80	58
112	80	58
113	80	57
114	80	57
115	80	57
116	80	57
117	80	55
118	80	55
119	80	54
120	80	54
121	80	54
122	80	53
123	80	53
124	80	53
125	80	52
126	80	52
127	80	53
128	80	53
129	80	53
130	80	53
5	81	58
6	81	58
7	81	58
8	81	58
9	81	59
10	81	59
11	81	59
12	81	59
13	81	59
14	81	58
15	81	58
16	81	58
17	81	58
18	81	58
19	81	58
20	81	58
21	81	59
22	81	58
23	81	57
24	81	58
25	81	58
26	81	58
27	81	58
28	81	56
29	81	57
30	81	57
31	81	56
32	81	56
33	81	57
34	81	57
35	81	57
36	81	57
37	81	57
38	81	57
39	81	57
40	81	58
41	81	58
42	81	57
43	81	58
44	81	57
45	81	58
46	81	58
47	81	58
48	81	58
49	81	58
50	81	58
51	81	58
52	81	58
53	81	58
54	81	58
55	81	58
56	81	58
57	81	58
58	81	58
59	81	58
60	81	59
61	81	59
62	81	59
63	81	59
64	81	59
65	81	60
66	81	60
67	81	60
68	81	60
69	81	60
70	81	60
71	81	60
72	81	60
73	81	61
74	81	60
75	81	61
76	81	62
77	81	61
78	81	62
79	81	62
80	81	63
81	81	63
89	81	67
90	81	66
91	81	66
92	81	66
93	81	66
94	81	66
95	81	66
99	81	67
100	81	64
101	81	62
102	81	62
103	81	64
104	81	61
105	81	60
106	81	60
107	81	59
108	81	59
109	81	59
110	81	59
111	81	59
112	81	58
113	81	59
114	81	57
115	81	57
116	81	57
117	81	55
118	81	55
119	81	55
120	81	54
121	81	53
122	81	53
123	81	53
124	81	53
125	81	53
126	81	52
127	81	53
128	81	53
129	81	53
4	82	59
5	82	57
6	82	59
7	82	58
8	82	59
9	82	59
10	82	58
11	82	59
12	82	58
13	82	59
14	82	58
15	82	58
16	82	58
17	82	58
18	82	58
19	82	58
20	82	58
21	82	58
22	82	58
23	82	57
24	82	57
25	82	57
26	82	58
27	82	58
28	82	56
29	82	55
30	82	55
31	82	56
32	82	56
33	82	58
34	82	58
35	82	57
36	82	56
37	82	57
38	82	57
39	82	57
40	82	57
41	82	57
42	82	57
43	82	57
44	82	58
45	82	57
46	82	57
47	82	57
48	82	57
49	82	57
50	82	57
51	82	58
52	82	58
53	82	58
54	82	58
55	82	58
56	82	58
57	82	58
58	82	58
59	82	58
60	82	59
61	82	59
62	82	59
63	82	59
64	82	59
65	82	59
66	82	59
67	82	60
68	82	60
69	82	60
70	82	60
71	82	60
72	82	60
73	82	60
74	82	61
75	82	61
76	82	61
77	82	62
78	82	63
79	82	61
80	82	63
90	82	66
91	82	65
92	82	65
93	82	65
94	82	66
102	82	65
103	82	62
104	82	62
105	82	63
106	82	62
107	82	61
108	82	60
109	82	59
110	82	59
111	82	59
112	82	58
113	82	58
114	82	58
115	82	57
116	82	58
117	82	57
118	82	56
119	82	55
120	82	55
121	82	54
122	82	54
123	82	53
124	82	54
125	82	53
126	82	53
127	82	54
4	83	60
5	83	59
6	83	59
7	83	59
8	83	59
9	83	59
10	83	58
11	83	58
12	83	57
13	83	58
14	83	58
15	83	58
16	83	58
17	83	58
18	83	58
19	83	58
20	83	59
21	83	58
22	83	58
23	83	57
24	83	57
25	83	58
26	83	57
27	83	57
28	83	59
29	83	57
30	83	55
31	83	57
32	83	57
33	83	57
34	83	57
35	83	57
36	83	57
37	83	57
38	83	57
39	83	57
40	83	57
41	83	57
42	83	57
43	83	57
44	83	57
45	83	57
46	83	57
47	83	57
48	83	57
49	83	57
50	83	57
51	83	57
52	83	58
53	83	58
54	83	58
55	83	58
56	83	58
57	83	59
58	83	58
59	83	59
60	83	59
61	83	59
62	83	59
63	83	59
64	83	59
65	83	59
66	83	59
67	83	60
68	83	60
69	83	60
70	83	61
71	83	60
72	83	61
73	83	60
74	83	60
75	83	61
76	83	61
77	83	62
78	83	63
79	83	62
80	83	63
91	83	68
105	83	64
106	83	64
107	83	61
108	83	61
109	83	59
110	83	59
111	83	59
112	83	59
113	83	58
114	83	58
115	83	58
116	83	58
117	83	57
118	83	58
119	83	55
120	83	55
121	83	55
122	83	55
123	83	54
124	83	54
125	83	54
126	83	54
3	84	58
4	84	59
5	84	59
6	84	59
7	84	59
8	84	59
9	84	59
10	84	59
11	84	58
12	84	58
13	84	59
14	84	57
15	84	58
16	84	58
17	84	59
18	84	58
19	84	58
20	84	59
21	84	59
22	84	58
23	84	57
24	84	58
25	84	57
26	84	58
27	84	58
28	84	58
29	84	57
30	84	57
31	84	57
32	84	57
33	84	57
34	84	57
35	84	57
36	84	57
37	84	57
38	84	57
39	84	57
40	84	57
41	84	57
42	84	57
43	84	57
44	84	57
45	84	57
46	84	57
47	84	57
48	84	57
49	84	57
50	84	58
51	84	57
52	84	58
53	84	58
54	84	58
55	84	58
56	84	58
57	84	58
58	84	58
59	84	59
60	84	59
61	84	59
62	84	59
63	84	59
64	84	60
65	84	60
66	84	61
67	84	60
68	84	61
69	84	61
70	84	62
71	84	61
72	84	61
73	84	61
74	84	61
75	84	61
76	84	60
77	84	60
78	84	63
79	84	62
80	84	65
108	84	65
109	84	62
110	84	62
111	84	60
112	84	60
113	84	61
114	84	59
115	84	59
116	84	60
117	84	57
118	84	57
119	84	58
120	84	56
121	84	56
122	84	55
123	84	55
124	84	57
125	84	57
3	85	59
4	85	59
5	85	59
6	85	59
7	85	59
8	85	59
9	85	59
10	85	59
11	85	59
12	85	59
13	85	58
14	85	58
15	85	58
16	85	60
17	85	58
18	85	60
19	85	58
20	85	58
21	85	58
22	85	58
23	85	58
24	85	58
25	85	58
26	85	58
27	85	57
28	85	57
29	85	57
30	85	57
31	85	57
32	85	57
33	85	57
34	85	57
35	85	57
36	85	57
37	85	57
38	85	57
39	85	57
40	85	57
41	85	57
42	85	57
43	85	57
44	85	57
45	85	57
46	85	57
47	85	57
48	85	57
49	85	57
50	85	58
51	85	58
52	85	58
53	85	58
54	85	58
55	85	58
56	85	58
57	85	58
58	85	59
59	85	59
60	85	59
61	85	59
62	85	60
63	85	61
64	85	60
65	85	60
66	85	61
67	85	61
68	85	62
69	85	61
70	85	62
71	85	61
72	85	61
73	85	61
74	85	61
75	85	60
76	85	60
77	85	63
78	85	63
79	85	63
80	85	68
112	85	62
113	85	65
114	85	62
115	85	59
116	85	59
117	85	58
118	85	58
119	85	59
120	85	58
121	85	59
122	85	58
123	85	59
3	86	57
4	86	59
5	86	59
6	86	59
7	86	59
8	86	59
9	86	59
10	86	59
11	86	58
12	86	59
13	86	58
14	86	58
15	86	58
16	86	58
17	86	58
18	86	58
19	86	59
20	86	59
21	86	58
22	86	59
23	86	58
24	86	58
25	86	58
26	86	58
27	86	57
28	86	57
29	86	57
30	86	57
31	86	57
32	86	57
33	86	57
34	86	57
35	86	57
36	86	57
37	86	57
38	86	57
39	86	57
40	86	57
41	86	57
42	86	57
43	86	57
44	86	56
45	86	57
46	86	57
47	86	57
48	86	57
49	86	58
50	86	58
51	86	58
52	86	58
53	86	58
54	86	58
55	86	58
56	86	59
57	86	64
58	86	59
59	86	60
60	86	59
61	86	60
62	86	59
63	86	60
64	86	60
65	86	61
66	86	61
67	86	61
68	86	61
69	86	61
70	86	60
71	86	60
72	86	59
73	86	60
74	86	60
75	86	60
76	86	60
77	86	61
78	86	63
79	86	63
115	86	62
116	86	62
117	86	60
118	86	62
119	86	61
120	86	60
121	86	63
3	87	58
4	87	58
5	87	59
6	87	59
7	87	59
8	87	59
9	87	59
10	87	59
11	87	59
12	87	59
13	87	58
14	87	58
15	87	58
16	87	58
17	87	59
18	87	59
19	87	58
20	87	59
21	87	58
22	87	58
23	87	58
24	87	58
25	87	58
26	87	58
27	87	57
28	87	57
29	87	57
30	87	57
31	87	57
32	87	57
33	87	57
34	87	57
35	87	57
36	87	57
37	87	57
38	87	56
39	87	57
40	87	57
41	87	57
42	87	57
43	87	57
44	87	57
45	87	58
46	87	57
47	87	57
48	87	58
49	87	57
50	87	58
51	87	58
52	87	58
53	87	59
54	87	57
55	87	59
56	87	61
57	87	63
58	87	59
59	87	59
60	87	59
61	87	59
62	87	60
63	87	59
64	87	60
65	87	60
66	87	60
67	87	60
68	87	60
69	87	60
70	87	60
71	87	60
72	87	60
73	87	60
74	87	60
75	87	60
76	87	61
77	87	63
78	87	62
79	87	65
3	88	60
4	88	59
5	88	59
6	88	59
7	88	60
8	88	59
9	88	59
10	88	58
11	88	59
12	88	58
13	88	58
14	88	58
15	88	58
16	88	58
17	88	58
18	88	58
19	88	59
20	88	59
21	88	59
22	88	59
23	88	58
24	88	58
25	88	58
26	88	58
27	88	57
28	88	57
29	88	57
30	88	57
31	88	57
32	88	57
33	88	57
34	88	57
35	88	57
36	88	57
37	88	57
38	88	57
39	88	57
40	88	57
41	88	56
42	88	56
43	88	57
44	88	57
45	88	57
46	88	56
47	88	57
48	88	57
49	88	58
50	88	58
51	88	59
52	88	59
53	88	58
54	88	59
55	88	59
56	88	60
57	88	59
58	88	59
59	88	59
60	88	59
61	88	59
62	88	59
63	88	59
64	88	59
65	88	59
66	88	59
67	88	60
68	88	60
69	88	60
70	88	60
71	88	60
72	88	60
73	88	60
74	88	60
75	88	60
76	88	60
77	88	62
78	88	67
3	89	59
4	89	59
5	89	59
6	89	58
7	89	59
8	89	59
9	89	59
10	89	59
11	89	59
12	89	58
13	89	58
14	89	58
15	89	58
16	89	58
17	89	58
18	89	58
19	89	59
20	89	58
21	89	59
22	89	59
23	89	59
24	89	58
25	89	58
26	89	57
27	89	57
28	89	57
29	89	57
30	89	57
31	89	57
32	89	57
33	89	57
34	89	58
35	89	57
36	89	58
37	89	58
38	89	58
39	89	57
40	89	57
41	89	56
42	89	55
43	89	57
44	89	56
45	89	57
46	89	57
47	89	57
48	89	57
49	89	57
50	89	58
51	89	60
52	89	59
53	89	58
54	89	59
55	89	58
56	89	59
57	89	58
58	89	59
59	89	59
60	89	59
61	89	59
62	89	59
63	89	60
64	89	59
65	89	60
66	89	60
67	89	60
68	89	60
69	89	60
70	89	60
71	89	61
72	89	60
73	89	60
74	89	60
75	89	60
76	89	61
77	89	62
78	89	71
3	90	60
4	90	59
5	90	59
6	90	59
7	90	56
8	90	59
9	90	60
10	90	59
11	90	59
12	90	58
13	90	59
14	90	58
15	90	58
16	90	58
17	90	58
18	90	59
19	90	59
20	90	59
21	90	59
22	90	59
23	90	59
24	90	59
25	90	58
26	90	57
27	90	58
28	90	52
29	90	57
30	90	57
31	90	57
32	90	57
33	90	57
34	90	57
35	90	57
36	90	58
37	90	57
38	90	58
39	90	58
40	90	57
41	90	57
42	90	57
43	90	57
44	90	57
45	90	58
46	90	58
47	90	58
48	90	57
49	90	58
50	90	58
51	90	58
52	90	58
53	90	58
54	90	58
55	90	58
56	90	58
57	90	58
58	90	59
59	90	59
60	90	59
61	90	59
62	90	59
63	90	59
64	90	59
65	90	60
66	90	59
67	90	60
68	90	60
69	90	60
70	90	60
71	90	60
72	90	60
73	90	60
74	90	60
75	90	60
76	90	62
77	90	68
2	91	59
3	91	59
4	91	59
5	91	59
6	91	59
7	91	59
8	91	58
9	91	57
10	91	59
11	91	59
12	91	59
13	91	58
14	91	58
15	91	58
16	91	58
17	91	59
18	91	59
19	91	59
20	91	59
21	91	59
22	91	59
23	91	59
24	91	58
25	91	58
26	91	55
27	91	56
28	91	57
29	91	56
30	91	57
31	91	57
32	91	57
33	91	56
34	91	56
35	91	57
36	91	58
37	91	58
38	91	58
39	91	58
40	91	57
41	91	58
42	91	57
43	91	57
44	91	57
45	91	57
46	91	57
47	91	57
48	91	57
49	91	57
50	91	58
51	91	58
52	91	58
53	91	58
54	91	58
55	91	58
56	91	58
57	91	58
58	91	59
59	91	59
60	91	59
61	91	59
62	91	59
63	91	60
64	91	60
65	91	60
66	91	60
67	91	60
68	91	60
69	91	59
70	91	60
71	91	60
72	91	60
73	91	61
74	91	61
75	91	61
76	91	62
77	91	63
78	91	63
2	92	59
3	92	59
4	92	59
5	92	59
6	92	59
7	92	59
8	92	59
9	92	60
10	92	60
11	92	59
12	92	59
13	92	59
14	92	59
15	92	58
16	92	58
17	92	59
18	92	59
19	92	59
20	92	59
21	92	59
22	92	59
23	92	59
24	92	59
25	92	58
26	92	58
27	92	56
28	92	55
29	92	57
30	92	57
31	92	57
32	92	57
33	92	57
34	92	57
35	92	57
36	92	57
37	92	57
38	92	57
39	92	57
40	92	57
41	92	57
42	92	57
43	92	57
44	92	57
45	92	57
46	92	57
47	92	57
48	92	58
49	92	57
50	92	58
51	92	58
52	92	58
53	92	58
54	92	58
55	92	59
56	92	59
57	92	58
58	92	58
59	92	59
60	92	59
61	92	59
62	92	59
63	92	59
64	92	59
65	92	60
66	92	60
67	92	60
68	92	61
69	92	62
70	92	59
71	92	68
72	92	61
73	92	60
74	92	61
75	92	63
76	92	63
77	92	62
78	92	63
2	93	59
3	93	59
4	93	59
5	93	59
6	93	59
7	93	59
8	93	59
9	93	58
10	93	58
11	93	59
12	93	59
13	93	59
14	93	59
15	93	58
16	93	58
17	93	59
18	93	60
19	93	60
20	93	60
21	93	59
22	93	60
23	93	60
24	93	59
25	93	58
26	93	58
27	93	58
28	93	58
29	93	58
30	93	57
31	93	57
32	93	57
33	93	57
34	93	57
35	93	57
36	93	57
37	93	57
38	93	57
39	93	57
40	93	57
41	93	57
42	93	57
43	93	57
44	93	57
45	93	57
46	93	57
47	93	58
48	93	58
49	93	58
50	93	57
51	93	58
52	93	58
53	93	58
54	93	58
55	93	59
56	93	58
57	93	59
58	93	59
59	93	59
60	93	59
61	93	59
62	93	59
63	93	60
64	93	60
65	93	56
66	93	62
67	93	62
68	93	63
69	93	62
70	93	63
71	93	60
72	93	62
73	93	60
74	93	62
75	93	62
76	93	62
77	93	63
78	93	63
2	94	62
3	94	59
4	94	59
5	94	59
6	94	59
7	94	59
8	94	59
9	94	59
10	94	58
11	94	59
12	94	58
13	94	59
14	94	58
15	94	58
16	94	58
17	94	58
18	94	60
19	94	59
20	94	60
21	94	59
22	94	60
23	94	61
24	94	60
25	94	60
26	94	59
27	94	58
28	94	58
29	94	57
30	94	57
31	94	57
32	94	57
33	94	57
34	94	57
35	94	57
36	94	57
37	94	57
38	94	57
39	94	57
40	94	57
41	94	57
42	94	57
43	94	57
44	94	57
45	94	57
46	94	58
47	94	57
48	94	57
49	94	57
50	94	58
51	94	58
52	94	58
53	94	58
54	94	58
55	94	58
56	94	59
57	94	58
58	94	59
59	94	59
60	94	59
61	94	59
62	94	60
63	94	59
64	94	60
65	94	58
66	94	60
67	94	61
68	94	60
69	94	61
70	94	61
71	94	59
72	94	60
73	94	61
74	94	62
75	94	61
76	94	62
77	94	63
78	94	66
3	95	58
4	95	59
5	95	59
6	95	59
7	95	59
8	95	59
9	95	59
10	95	58
11	95	59
12	95	58
13	95	59
14	95	58
15	95	59
16	95	58
17	95	59
18	95	59
19	95	59
20	95	60
21	95	60
22	95	60
23	95	61
24	95	60
25	95	60
26	95	58
27	95	58
28	95	58
29	95	57
30	95	57
31	95	57
32	95	57
33	95	57
34	95	57
35	95	57
36	95	57
37	95	57
38	95	57
39	95	57
40	95	57
41	95	57
42	95	57
43	95	57
44	95	57
45	95	57
46	95	58
47	95	57
48	95	57
49	95	57
50	95	58
51	95	58
52	95	59
53	95	58
54	95	58
55	95	58
56	95	59
57	95	62
58	95	60
59	95	60
60	95	60
61	95	61
62	95	60
63	95	60
64	95	59
65	95	59
66	95	60
67	95	61
68	95	60
69	95	60
70	95	60
71	95	60
72	95	60
73	95	60
74	95	62
75	95	62
76	95	62
77	95	63
4	96	61
5	96	60
6	96	61
7	96	59
8	96	60
9	96	59
10	96	58
11	96	58
12	96	59
13	96	59
14	96	58
15	96	58
16	96	58
17	96	59
18	96	59
19	96	59
20	96	59
21	96	59
22	96	60
23	96	62
24	96	60
25	96	60
26	96	60
27	96	60
28	96	59
29	96	58
30	96	57
31	96	57
32	96	57
33	96	57
34	96	57
35	96	57
36	96	57
37	96	57
38	96	57
39	96	57
40	96	57
41	96	57
42	96	57
43	96	57
44	96	57
45	96	57
46	96	57
47	96	58
48	96	58
49	96	58
50	96	57
51	96	59
52	96	60
53	96	59
54	96	59
55	96	59
56	96	60
57	96	58
58	96	59
59	96	60
60	96	60
61	96	60
62	96	61
63	96	61
64	96	60
65	96	60
66	96	60
67	96	60
68	96	60
69	96	60
70	96	60
71	96	60
72	96	60
73	96	61
74	96	62
75	96	61
76	96	62
77	96	64
5	97	60
6	97	60
7	97	59
8	97	59
9	97	58
10	97	59
11	97	59
12	97	58
13	97	58
14	97	58
15	97	58
16	97	59
17	97	59
18	97	59
19	97	59
20	97	59
21	97	60
22	97	60
23	97	61
24	97	60
25	97	60
26	97	60
27	97	60
28	97	60
29	97	60
30	97	59
31	97	57
32	97	57
33	97	57
34	97	57
35	97	57
36	97	57
37	97	57
38	97	57
39	97	57
40	97	57
41	97	57
42	97	57
43	97	56
44	97	55
45	97	56
46	97	57
47	97	57
48	97	58
49	97	58
50	97	59
51	97	59
52	97	59
53	97	57
54	97	60
55	97	56
56	97	58
57	97	59
58	97	59
59	97	59
60	97	60
61	97	59
62	97	59
63	97	60
64	97	59
65	97	59
66	97	59
67	97	60
68	97	59
69	97	60
70	97	60
71	97	60
72	97	60
73	97	61
74	97	62
75	97	62
76	97	62
6	98	54
7	98	59
8	98	59
9	98	59
10	98	59
11	98	59
12	98	59
13	98	59
14	98	59
15	98	59
16	98	58
17	98	59
18	98	59
19	98	59
20	98	59
21	98	60
22	98	61
23	98	60
24	98	61
25	98	61
26	98	60
27	98	59
28	98	60
29	98	59
30	98	59
31	98	59
32	98	58
33	98	57
34	98	57
35	98	57
36	98	58
37	98	58
38	98	59
39	98	58
40	98	57
41	98	58
42	98	56
43	98	58
44	98	56
45	98	57
46	98	57
47	98	57
48	98	58
49	98	57
50	98	58
51	98	57
52	98	59
53	98	57
54	98	59
55	98	59
56	98	59
57	98	59
58	98	59
59	98	59
60	98	59
61	98	59
62	98	59
63	98	59
64	98	59
65	98	59
66	98	59
67	98	60
68	98	59
69	98	60
70	98	60
71	98	61
72	98	60
73	98	61
74	98	61
75	98	61
76	98	61
77	98	76
7	99	56
8	99	59
9	99	58
10	99	58
11	99	59
12	99	57
13	99	58
14	99	58
15	99	58
16	99	59
17	99	59
18	99	59
19	99	59
20	99	59
21	99	60
22	99	60
23	99	61
24	99	61
25	99	61
26	99	60
27	99	60
28	99	60
29	99	59
30	99	59
31	99	58
32	99	59
33	99	57
34	99	57
35	99	57
36	99	57
37	99	57
38	99	57
39	99	57
40	99	59
41	99	60
42	99	57
43	99	56
44	99	57
45	99	56
46	99	56
47	99	57
48	99	57
49	99	58
50	99	58
51	99	58
52	99	58
53	99	58
54	99	58
55	99	58
56	99	58
57	99	59
58	99	59
59	99	59
60	99	59
61	99	59
62	99	59
63	99	59
64	99	59
65	99	59
66	99	59
67	99	59
68	99	60
69	99	59
70	99	59
71	99	60
72	99	60
73	99	60
74	99	61
75	99	62
76	99	62
8	100	62
9	100	60
10	100	60
11	100	60
12	100	59
13	100	58
14	100	58
15	100	57
16	100	58
17	100	59
18	100	59
19	100	59
20	100	59
21	100	59
22	100	61
23	100	61
24	100	61
25	100	61
26	100	60
27	100	61
28	100	60
29	100	59
30	100	59
31	100	59
32	100	58
33	100	59
34	100	57
35	100	58
36	100	58
37	100	59
38	100	57
39	100	58
40	100	58
41	100	58
42	100	58
43	100	58
44	100	57
45	100	58
46	100	57
47	100	58
48	100	58
49	100	58
50	100	58
51	100	58
52	100	58
53	100	59
54	100	59
55	100	58
56	100	58
57	100	59
58	100	59
59	100	59
60	100	59
61	100	59
62	100	59
63	100	59
64	100	59
65	100	59
66	100	59
67	100	59
68	100	59
69	100	60
70	100	59
71	100	59
72	100	60
73	100	60
74	100	60
75	100	62
76	100	62
77	100	64
8	101	62
9	101	60
10	101	60
11	101	60
12	101	60
13	101	60
14	101	58
15	101	59
16	101	58
17	101	59
18	101	59
19	101	59
20	101	60
21	101	60
22	101	61
23	101	61
24	101	61
25	101	72
26	101	61
27	101	60
28	101	60
29	101	60
30	101	60
31	101	59
32	101	59
33	101	59
34	101	58
35	101	58
36	101	58
37	101	58
38	101	57
39	101	58
40	101	57
41	101	57
42	101	57
43	101	57
44	101	57
45	101	57
46	101	58
47	101	58
48	101	58
49	101	58
50	101	58
51	101	58
52	101	58
53	101	58
54	101	58
55	101	59
56	101	59
57	101	59
58	101	59
59	101	59
60	101	59
61	101	59
62	101	59
63	101	59
64	101	59
65	101	59
66	101	59
67	101	59
68	101	60
69	101	59
70	101	59
71	101	60
72	101	60
73	101	61
74	101	62
75	101	62
76	101	62
77	101	70
8	102	61
9	102	60
10	102	60
11	102	60
12	102	60
13	102	60
14	102	60
15	102	59
16	102	58
17	102	59
18	102	59
19	102	60
20	102	61
21	102	62
22	102	61
23	102	61
24	102	61
25	102	62
26	102	61
27	102	60
28	102	60
29	102	59
30	102	59
31	102	59
32	102	59
33	102	59
34	102	58
35	102	58
36	102	58
37	102	57
38	102	58
39	102	57
40	102	58
41	102	57
42	102	58
43	102	57
44	102	57
45	102	57
46	102	57
47	102	58
48	102	58
49	102	58
50	102	58
51	102	58
52	102	58
53	102	58
54	102	58
55	102	58
56	102	58
57	102	59
58	102	59
59	102	59
60	102	59
61	102	59
62	102	59
63	102	58
64	102	59
65	102	58
66	102	59
67	102	59
68	102	60
69	102	60
70	102	60
71	102	61
72	102	61
73	102	62
74	102	62
75	102	62
76	102	63
7	103	39
8	103	60
9	103	61
10	103	59
11	103	60
12	103	60
13	103	60
14	103	60
15	103	59
16	103	59
17	103	59
18	103	60
19	103	60
20	103	60
21	103	61
22	103	61
23	103	61
24	103	61
25	103	61
26	103	60
27	103	61
28	103	59
29	103	60
30	103	59
31	103	59
32	103	59
33	103	60
34	103	59
35	103	59
36	103	58
37	103	58
38	103	57
39	103	57
40	103	58
41	103	57
42	103	58
43	103	57
44	103	58
45	103	57
46	103	58
47	103	57
48	103	58
49	103	58
50	103	58
51	103	58
52	103	58
53	103	58
54	103	58
55	103	59
56	103	59
57	103	59
58	103	59
59	103	59
60	103	62
61	103	59
62	103	58
63	103	57
64	103	56
65	103	58
66	103	58
67	103	59
68	103	59
69	103	63
70	103	61
71	103	61
72	103	62
73	103	62
74	103	62
75	103	62
76	103	63
8	104	60
9	104	61
10	104	60
11	104	60
12	104	60
13	104	60
14	104	59
15	104	60
16	104	59
17	104	59
18	104	59
19	104	61
20	104	60
21	104	62
22	104	61
23	104	61
24	104	61
25	104	61
26	104	60
27	104	60
28	104	60
29	104	60
30	104	60
31	104	60
32	104	59
33	104	59
34	104	58
35	104	58
36	104	58
37	104	58
38	104	58
39	104	57
40	104	58
41	104	57
42	104	58
43	104	57
44	104	57
45	104	57
46	104	57
47	104	57
48	104	57
49	104	58
50	104	58
51	104	58
52	104	58
53	104	58
54	104	58
55	104	58
56	104	58
57	104	59
58	104	59
59	104	59
60	104	59
61	104	60
62	104	58
63	104	57
64	104	57
65	104	57
66	104	60
67	104	61
68	104	61
69	104	60
70	104	61
71	104	61
72	104	61
73	104	62
74	104	62
75	104	63
76	104	63
8	105	60
9	105	60
10	105	60
11	105	60
12	105	60
13	105	60
14	105	60
15	105	60
16	105	59
17	105	59
18	105	59
19	105	60
20	105	61
21	105	61
22	105	61
23	105	62
24	105	61
25	105	61
26	105	60
27	105	60
28	105	60
29	105	60
30	105	60
31	105	60
32	105	59
33	105	59
34	105	60
35	105	59
36	105	58
37	105	58
38	105	57
39	105	58
40	105	57
41	105	57
42	105	57
43	105	58
44	105	58
45	105	58
46	105	58
47	105	58
48	105	58
49	105	57
50	105	59
51	105	59
52	105	58
53	105	58
54	105	58
55	105	58
56	105	58
57	105	58
58	105	59
59	105	59
60	105	60
61	105	58
62	105	60
63	105	60
64	105	59
65	105	59
66	105	59
67	105	59
68	105	59
69	105	60
70	105	60
71	105	62
72	105	61
73	105	61
74	105	62
75	105	63
76	105	72
8	106	61
9	106	60
10	106	60
11	106	60
12	106	60
13	106	60
14	106	60
15	106	60
16	106	59
17	106	60
18	106	59
19	106	60
20	106	62
21	106	61
22	106	62
23	106	61
24	106	61
25	106	60
26	106	60
27	106	60
28	106	60
29	106	60
30	106	60
31	106	60
32	106	60
33	106	60
34	106	60
35	106	60
36	106	60
37	106	60
38	106	59
39	106	58
40	106	60
41	106	58
42	106	59
43	106	58
44	106	57
45	106	57
46	106	56
47	106	57
48	106	57
49	106	58
50	106	58
51	106	58
52	106	58
53	106	58
54	106	58
55	106	58
56	106	59
57	106	59
58	106	59
59	106	58
60	106	60
61	106	59
62	106	59
63	106	59
64	106	59
65	106	59
66	106	60
67	106	59
68	106	60
69	106	61
70	106	61
71	106	61
72	106	61
73	106	62
74	106	63
75	106	64
8	107	60
9	107	61
10	107	60
11	107	60
12	107	60
13	107	60
14	107	60
15	107	60
16	107	60
17	107	60
18	107	60
19	107	60
20	107	61
21	107	61
22	107	62
23	107	62
24	107	61
25	107	61
26	107	60
27	107	60
28	107	60
29	107	60
30	107	60
31	107	60
32	107	60
33	107	60
34	107	60
35	107	61
36	107	59
37	107	60
38	107	60
39	107	59
40	107	59
41	107	58
42	107	58
43	107	57
44	107	57
45	107	57
46	107	57
47	107	56
48	107	56
49	107	57
50	107	57
51	107	59
52	107	59
53	107	60
54	107	59
55	107	59
56	107	58
57	107	58
58	107	58
59	107	59
60	107	58
61	107	59
62	107	59
63	107	59
64	107	59
65	107	59
66	107	59
67	107	60
68	107	61
69	107	61
70	107	61
71	107	61
72	107	61
73	107	62
74	107	65
75	107	65
76	107	69
8	108	60
9	108	60
10	108	59
11	108	61
12	108	60
13	108	60
14	108	60
15	108	60
16	108	60
17	108	60
18	108	60
19	108	61
20	108	60
21	108	62
22	108	63
23	108	62
24	108	62
25	108	61
26	108	60
27	108	61
28	108	60
29	108	60
30	108	60
31	108	60
32	108	59
33	108	60
34	108	60
35	108	60
36	108	60
37	108	60
38	108	60
39	108	60
40	108	59
41	108	58
42	108	58
43	108	57
44	108	57
45	108	59
46	108	58
47	108	58
48	108	58
49	108	58
50	108	58
51	108	58
52	108	58
53	108	58
54	108	58
55	108	58
56	108	58
57	108	59
58	108	58
59	108	59
60	108	59
61	108	59
62	108	59
63	108	59
64	108	59
65	108	59
66	108	59
67	108	59
68	108	59
69	108	61
70	108	62
71	108	60
72	108	60
73	108	63
74	108	64
75	108	65
76	108	72
8	109	60
9	109	61
10	109	61
11	109	60
12	109	60
13	109	60
14	109	60
15	109	60
16	109	60
17	109	60
18	109	60
19	109	60
20	109	61
21	109	63
22	109	62
23	109	62
24	109	62
25	109	62
26	109	61
27	109	60
28	109	59
29	109	60
30	109	59
31	109	60
32	109	60
33	109	60
34	109	58
35	109	58
36	109	60
37	109	60
38	109	60
39	109	60
40	109	58
41	109	60
42	109	58
43	109	58
44	109	58
45	109	58
46	109	58
47	109	58
48	109	58
49	109	58
50	109	58
51	109	58
52	109	58
53	109	58
54	109	58
55	109	58
56	109	58
57	109	58
58	109	58
59	109	58
60	109	59
61	109	59
62	109	59
63	109	59
64	109	59
65	109	59
66	109	59
67	109	59
68	109	59
69	109	60
70	109	60
71	109	60
72	109	61
73	109	61
74	109	65
75	109	63
8	110	61
9	110	61
10	110	60
11	110	60
12	110	61
13	110	60
14	110	59
15	110	60
16	110	60
17	110	60
18	110	60
19	110	60
20	110	61
21	110	63
22	110	62
23	110	62
24	110	62
25	110	62
26	110	61
27	110	60
28	110	59
29	110	59
30	110	61
31	110	59
32	110	58
33	110	60
34	110	58
35	110	59
36	110	60
37	110	60
38	110	60
39	110	60
40	110	60
41	110	59
42	110	60
43	110	58
44	110	58
45	110	58
46	110	58
47	110	58
48	110	58
49	110	58
50	110	58
51	110	58
52	110	58
53	110	58
54	110	58
55	110	58
56	110	58
57	110	59
58	110	58
59	110	59
60	110	59
61	110	59
62	110	59
63	110	59
64	110	59
65	110	59
66	110	61
67	110	60
68	110	60
69	110	62
70	110	60
71	110	61
72	110	62
73	110	61
74	110	62
75	110	63
8	111	60
9	111	61
10	111	60
11	111	60
12	111	61
13	111	60
14	111	60
15	111	60
16	111	60
17	111	60
18	111	61
19	111	61
20	111	60
21	111	62
22	111	62
23	111	62
24	111	62
25	111	62
26	111	62
27	111	60
28	111	61
29	111	60
30	111	59
31	111	60
32	111	57
33	111	57
34	111	59
35	111	59
36	111	59
37	111	58
38	111	60
39	111	59
40	111	61
41	111	59
42	111	58
43	111	59
44	111	59
45	111	58
46	111	58
47	111	58
48	111	58
49	111	58
50	111	58
51	111	58
52	111	58
53	111	58
54	111	58
55	111	58
56	111	58
57	111	58
58	111	58
59	111	59
60	111	59
61	111	59
62	111	59
63	111	59
64	111	60
65	111	60
66	111	60
67	111	59
68	111	63
69	111	61
70	111	61
71	111	61
72	111	62
73	111	62
74	111	62
75	111	65
8	112	61
9	112	60
10	112	60
11	112	60
12	112	61
13	112	59
14	112	60
15	112	60
16	112	60
17	112	60
18	112	60
19	112	61
20	112	61
21	112	61
22	112	63
23	112	62
24	112	62
25	112	62
26	112	62
27	112	61
28	112	60
29	112	60
30	112	60
31	112	60
32	112	60
33	112	60
34	112	59
35	112	59
36	112	59
37	112	59
38	112	58
39	112	59
40	112	60
41	112	59
42	112	59
43	112	60
44	112	59
45	112	60
46	112	58
47	112	58
48	112	58
49	112	58
50	112	58
51	112	58
52	112	58
53	112	58
54	112	59
55	112	59
56	112	58
57	112	59
58	112	59
59	112	59
60	112	59
61	112	59
62	112	59
63	112	59
64	112	60
65	112	60
66	112	61
67	112	61
68	112	61
69	112	61
70	112	61
71	112	62
72	112	62
73	112	62
74	112	62
75	112	63
9	113	60
10	113	61
11	113	60
12	113	60
13	113	60
14	113	60
15	113	60
16	113	60
17	113	60
18	113	61
19	113	60
20	113	61
21	113	66
22	113	64
23	113	64
24	113	62
25	113	62
26	113	61
27	113	61
28	113	61
29	113	60
30	113	60
31	113	60
32	113	60
33	113	60
34	113	59
35	113	59
36	113	59
37	113	59
38	113	59
39	113	58
40	113	59
41	113	59
42	113	60
43	113	58
44	113	59
45	113	59
46	113	59
47	113	58
48	113	59
49	113	58
50	113	58
51	113	58
52	113	59
53	113	59
54	113	59
55	113	59
56	113	59
57	113	59
58	113	58
59	113	59
60	113	58
61	113	58
62	113	59
63	113	59
64	113	60
65	113	61
66	113	60
67	113	60
68	113	61
69	113	61
70	113	61
71	113	62
72	113	61
73	113	62
74	113	62
75	113	68
76	113	71
9	114	60
10	114	60
11	114	60
12	114	60
13	114	60
14	114	60
15	114	60
16	114	60
17	114	60
18	114	61
19	114	61
20	114	61
21	114	67
22	114	64
23	114	63
24	114	63
25	114	61
26	114	61
27	114	61
28	114	61
29	114	60
30	114	61
31	114	60
32	114	60
33	114	60
34	114	60
35	114	60
36	114	59
37	114	60
38	114	59
39	114	59
40	114	59
41	114	59
42	114	59
43	114	62
44	114	60
45	114	58
46	114	58
47	114	58
48	114	58
49	114	58
50	114	58
51	114	58
52	114	58
53	114	58
54	114	58
55	114	59
56	114	59
57	114	59
58	114	59
59	114	59
60	114	60
61	114	59
62	114	60
63	114	59
64	114	59
65	114	60
66	114	61
67	114	60
68	114	61
69	114	61
70	114	62
71	114	61
72	114	61
73	114	62
74	114	67
75	114	71
76	114	69
9	115	60
10	115	60
11	115	60
12	115	59
13	115	60
14	115	60
15	115	59
16	115	59
17	115	60
18	115	61
19	115	61
20	115	61
21	115	67
22	115	63
23	115	64
24	115	63
25	115	61
26	115	60
27	115	60
28	115	59
29	115	60
30	115	61
31	115	60
32	115	60
33	115	60
34	115	60
35	115	60
36	115	59
37	115	59
38	115	59
39	115	59
40	115	59
41	115	59
42	115	59
43	115	59
44	115	59
45	115	59
46	115	59
47	115	59
48	115	58
49	115	58
50	115	58
51	115	59
52	115	59
53	115	59
54	115	58
55	115	60
56	115	59
57	115	59
58	115	59
59	115	59
60	115	59
61	115	59
62	115	59
63	115	60
64	115	59
65	115	60
66	115	61
67	115	61
68	115	61
69	115	61
70	115	61
71	115	62
72	115	64
73	115	67
74	115	66
75	115	67
76	115	70
9	116	65
10	116	63
11	116	60
12	116	59
13	116	60
14	116	60
15	116	59
16	116	60
17	116	60
18	116	60
19	116	61
20	116	60
21	116	64
22	116	63
23	116	62
24	116	61
25	116	61
26	116	62
27	116	60
28	116	60
29	116	60
30	116	60
31	116	60
32	116	60
33	116	60
34	116	60
35	116	60
36	116	60
37	116	60
38	116	59
39	116	59
40	116	59
41	116	59
42	116	59
43	116	59
44	116	59
45	116	59
46	116	59
47	116	59
48	116	59
49	116	59
50	116	59
51	116	59
52	116	58
53	116	59
54	116	59
55	116	59
56	116	59
57	116	59
58	116	60
59	116	59
60	116	60
61	116	60
62	116	60
63	116	60
64	116	60
65	116	61
66	116	60
67	116	60
68	116	61
69	116	61
70	116	62
71	116	62
72	116	64
73	116	61
74	116	69
75	116	69
76	116	71
10	117	60
11	117	60
12	117	59
13	117	59
14	117	59
15	117	59
16	117	60
17	117	60
18	117	60
19	117	60
20	117	60
21	117	63
22	117	64
23	117	62
24	117	62
25	117	61
26	117	61
27	117	61
28	117	61
29	117	60
30	117	60
31	117	60
32	117	60
33	117	61
34	117	60
35	117	60
36	117	60
37	117	61
38	117	60
39	117	59
40	117	59
41	117	59
42	117	59
43	117	59
44	117	59
45	117	59
46	117	59
47	117	59
48	117	59
49	117	59
50	117	59
51	117	59
52	117	59
53	117	59
54	117	59
55	117	59
56	117	59
57	117	59
58	117	59
59	117	59
60	117	59
61	117	60
62	117	60
63	117	60
64	117	60
65	117	60
66	117	62
67	117	62
68	117	60
69	117	62
70	117	61
71	117	64
72	117	62
73	117	69
74	117	66
75	117	70
76	117	74
10	118	60
11	118	60
12	118	59
13	118	59
14	118	59
15	118	58
16	118	59
17	118	60
18	118	59
19	118	60
20	118	60
21	118	59
22	118	64
23	118	63
24	118	62
25	118	61
26	118	61
27	118	61
28	118	61
29	118	61
30	118	60
31	118	61
32	118	60
33	118	60
34	118	60
35	118	59
36	118	59
37	118	60
38	118	59
39	118	60
40	118	60
41	118	59
42	118	59
43	118	59
44	118	59
45	118	59
46	118	59
47	118	59
48	118	59
49	118	59
50	118	59
51	118	59
52	118	59
53	118	59
54	118	59
55	118	59
56	118	59
57	118	59
58	118	59
59	118	60
60	118	59
61	118	60
62	118	59
63	118	60
64	118	61
65	118	60
66	118	61
67	118	61
68	118	62
69	118	61
70	118	60
71	118	62
72	118	62
73	118	63
74	118	66
75	118	68
10	119	60
11	119	60
12	119	59
13	119	59
14	119	59
15	119	59
16	119	58
17	119	59
18	119	60
19	119	59
20	119	60
21	119	60
22	119	60
23	119	61
24	119	62
25	119	61
26	119	62
27	119	61
28	119	61
29	119	61
30	119	61
31	119	61
32	119	60
33	119	60
34	119	60
35	119	60
36	119	59
37	119	58
38	119	59
39	119	59
40	119	60
41	119	60
42	119	60
43	119	60
44	119	60
45	119	61
46	119	58
47	119	59
48	119	59
49	119	59
50	119	59
51	119	59
52	119	59
53	119	59
54	119	59
55	119	59
56	119	59
57	119	59
58	119	59
59	119	59
60	119	59
61	119	59
62	119	59
63	119	59
64	119	60
65	119	60
66	119	61
67	119	61
68	119	61
69	119	62
70	119	62
71	119	62
72	119	63
73	119	63
74	119	66
75	119	69
11	120	60
12	120	60
13	120	59
14	120	58
15	120	59
16	120	59
17	120	59
18	120	59
19	120	59
20	120	59
21	120	60
22	120	60
23	120	60
24	120	61
25	120	61
26	120	61
27	120	61
28	120	61
29	120	61
30	120	61
31	120	61
32	120	61
33	120	60
34	120	60
35	120	60
36	120	59
37	120	59
38	120	59
39	120	60
40	120	59
41	120	60
42	120	60
43	120	60
44	120	60
45	120	60
46	120	60
47	120	59
48	120	59
49	120	59
50	120	59
51	120	59
52	120	59
53	120	59
54	120	59
55	120	59
56	120	61
57	120	59
58	120	59
59	120	59
60	120	59
61	120	58
62	120	59
63	120	59
64	120	60
65	120	60
66	120	62
67	120	62
68	120	61
69	120	62
70	120	62
71	120	62
72	120	62
73	120	63
74	120	67
75	120	66
11	121	60
12	121	59
13	121	59
14	121	59
15	121	59
16	121	59
17	121	59
18	121	59
19	121	59
20	121	59
21	121	59
22	121	59
23	121	60
24	121	61
25	121	62
26	121	61
27	121	62
28	121	61
29	121	61
30	121	61
31	121	60
32	121	61
33	121	61
34	121	60
35	121	60
36	121	60
37	121	60
38	121	60
39	121	60
40	121	60
41	121	60
42	121	60
43	121	59
44	121	60
45	121	60
46	121	60
47	121	60
48	121	60
49	121	60
50	121	60
51	121	60
52	121	59
53	121	59
54	121	59
55	121	60
56	121	56
57	121	60
58	121	60
59	121	59
60	121	60
61	121	59
62	121	59
63	121	59
64	121	61
65	121	61
66	121	61
67	121	61
68	121	62
69	121	62
70	121	62
71	121	62
72	121	62
73	121	64
74	121	70
75	121	67
11	122	60
12	122	60
13	122	59
14	122	59
15	122	59
16	122	58
17	122	59
18	122	59
19	122	59
20	122	58
21	122	59
22	122	59
23	122	60
24	122	59
25	122	61
26	122	61
27	122	60
28	122	61
29	122	60
30	122	61
31	122	61
32	122	60
33	122	61
34	122	60
35	122	60
36	122	60
37	122	60
38	122	59
39	122	60
40	122	59
41	122	59
42	122	60
43	122	60
44	122	60
45	122	60
46	122	60
47	122	60
48	122	60
49	122	60
50	122	60
51	122	60
52	122	60
53	122	60
54	122	59
55	122	61
56	122	61
57	122	60
58	122	61
59	122	60
60	122	60
61	122	60
62	122	60
63	122	60
64	122	60
65	122	61
66	122	62
67	122	61
68	122	62
69	122	61
70	122	62
71	122	62
72	122	61
73	122	68
74	122	66
75	122	68
12	123	59
13	123	59
14	123	59
15	123	58
16	123	59
17	123	59
18	123	58
19	123	58
20	123	59
21	123	58
22	123	58
23	123	59
24	123	59
25	123	60
26	123	61
27	123	60
28	123	60
29	123	59
30	123	60
31	123	60
32	123	61
33	123	60
34	123	61
35	123	60
36	123	60
37	123	60
38	123	60
39	123	60
40	123	60
41	123	60
42	123	60
43	123	60
44	123	60
45	123	60
46	123	60
47	123	60
48	123	60
49	123	59
50	123	60
51	123	60
52	123	60
53	123	60
54	123	60
55	123	60
56	123	61
57	123	60
58	123	60
59	123	60
60	123	60
61	123	60
62	123	60
63	123	60
64	123	60
65	123	61
66	123	62
67	123	61
68	123	61
69	123	62
70	123	62
71	123	62
72	123	62
73	123	66
74	123	67
75	123	65
13	124	60
14	124	59
15	124	59
16	124	59
17	124	58
18	124	58
19	124	59
20	124	58
21	124	59
22	124	58
23	124	58
24	124	59
25	124	59
26	124	61
27	124	60
28	124	61
29	124	59
30	124	60
31	124	59
32	124	60
33	124	59
34	124	59
35	124	57
36	124	62
37	124	60
38	124	61
39	124	60
40	124	59
41	124	59
42	124	59
43	124	60
44	124	60
45	124	60
46	124	60
47	124	60
48	124	60
49	124	60
50	124	60
51	124	60
52	124	59
53	124	60
54	124	60
55	124	60
56	124	60
57	124	60
58	124	60
59	124	60
60	124	60
61	124	61
62	124	60
63	124	61
64	124	60
65	124	61
66	124	61
67	124	62
68	124	61
69	124	61
70	124	61
71	124	64
72	124	64
73	124	65
74	124	65
75	124	67
13	125	59
14	125	59
15	125	59
16	125	58
17	125	57
18	125	57
19	125	57
20	125	58
21	125	57
22	125	58
23	125	58
24	125	59
25	125	60
26	125	60
27	125	61
28	125	61
29	125	60
30	125	60
31	125	60
32	125	60
33	125	58
34	125	59
35	125	59
36	125	59
37	125	61
38	125	61
39	125	60
40	125	60
41	125	60
42	125	60
43	125	60
44	125	61
45	125	60
46	125	60
47	125	60
48	125	59
49	125	60
50	125	60
51	125	60
52	125	60
53	125	60
54	125	60
55	125	60
56	125	60
57	125	60
58	125	60
59	125	60
60	125	60
61	125	60
62	125	60
63	125	60
64	125	60
65	125	60
66	125	62
67	125	62
68	125	62
69	125	61
70	125	61
71	125	62
72	125	66
73	125	65
74	125	67
75	125	68
14	126	60
15	126	58
16	126	58
17	126	58
18	126	58
19	126	58
20	126	57
21	126	59
22	126	58
23	126	57
24	126	58
25	126	58
26	126	61
27	126	60
28	126	61
29	126	61
30	126	61
31	126	61
32	126	60
33	126	59
34	126	60
35	126	60
36	126	61
37	126	61
38	126	61
39	126	60
40	126	60
41	126	59
42	126	60
43	126	60
44	126	59
45	126	59
46	126	59
47	126	59
48	126	60
49	126	60
50	126	60
51	126	60
52	126	59
53	126	59
54	126	60
55	126	60
56	126	60
57	126	60
58	126	61
59	126	60
60	126	60
61	126	61
62	126	61
63	126	61
64	126	61
65	126	62
66	126	62
67	126	62
68	126	62
69	126	61
70	126	62
71	126	64
72	126	64
73	126	65
74	126	65
75	126	72
15	127	59
16	127	58
17	127	58
18	127	57
19	127	58
20	127	58
21	127	58
22	127	57
23	127	57
24	127	58
25	127	59
26	127	58
27	127	60
28	127	62
29	127	61
30	127	61
31	127	61
32	127	60
33	127	60
34	127	60
35	127	60
36	127	60
37	127	60
38	127	60
39	127	60
40	127	60
41	127	60
42	127	60
43	127	59
44	127	60
45	127	59
46	127	59
47	127	59
48	127	59
49	127	60
50	127	60
51	127	60
52	127	60
53	127	59
54	127	59
55	127	60
56	127	60
57	127	60
58	127	60
59	127	63
60	127	61
61	127	60
62	127	59
63	127	61
64	127	60
65	127	63
66	127	63
67	127	63
68	127	61
69	127	61
70	127	61
71	127	64
72	127	64
73	127	67
74	127	69
75	127	74
16	128	58
17	128	58
18	128	57
19	128	57
20	128	58
21	128	58
22	128	57
23	128	57
24	128	57
25	128	57
26	128	58
27	128	59
28	128	61
29	128	61
30	128	61
31	128	61
32	128	61
33	128	60
34	128	60
35	128	60
36	128	60
37	128	60
38	128	60
39	128	60
40	128	59
41	128	59
42	128	59
43	128	59
44	128	60
45	128	60
46	128	60
47	128	60
48	128	59
49	128	59
50	128	61
51	128	60
52	128	60
53	128	60
54	128	61
55	128	60
56	128	60
57	128	63
58	128	60
59	128	61
60	128	60
61	128	61
62	128	61
63	128	62
64	128	61
65	128	61
66	128	61
67	128	61
68	128	61
69	128	61
70	128	62
71	128	64
72	128	64
73	128	65
74	128	65
17	129	59
18	129	58
19	129	57
20	129	57
21	129	57
22	129	57
23	129	57
24	129	58
25	129	57
26	129	58
27	129	59
28	129	59
29	129	61
30	129	61
31	129	61
32	129	60
33	129	60
34	129	60
35	129	62
36	129	61
37	129	60
38	129	60
39	129	60
40	129	59
41	129	60
42	129	60
43	129	60
44	129	59
45	129	60
46	129	60
47	129	60
48	129	60
49	129	60
50	129	60
51	129	59
52	129	60
53	129	60
54	129	60
55	129	60
56	129	60
57	129	60
58	129	60
59	129	61
60	129	60
61	129	62
62	129	62
63	129	60
64	129	62
65	129	61
66	129	61
67	129	61
68	129	61
69	129	61
70	129	63
71	129	62
72	129	67
73	129	65
74	129	68
75	129	71
17	130	57
18	130	57
19	130	57
20	130	57
21	130	57
22	130	57
23	130	57
24	130	57
25	130	57
26	130	57
27	130	58
28	130	57
29	130	59
30	130	59
31	130	59
32	130	59
33	130	60
34	130	60
35	130	59
36	130	60
37	130	60
38	130	60
39	130	60
40	130	61
41	130	60
42	130	59
43	130	60
44	130	59
45	130	60
46	130	60
47	130	60
48	130	60
49	130	60
50	130	60
51	130	60
52	130	60
53	130	60
54	130	60
55	130	60
56	130	60
57	130	60
58	130	61
59	130	61
60	130	61
61	130	61
62	130	60
63	130	61
64	130	61
65	130	61
66	130	61
67	130	61
68	130	61
69	130	61
70	130	62
71	130	63
72	130	66
73	130	66
74	130	69
75	130	70
18	131	58
19	131	57
20	131	57
21	131	57
22	131	57
23	131	57
24	131	57
25	131	57
26	131	56
27	131	56
28	131	56
29	131	60
30	131	59
31	131	58
32	131	58
33	131	59
34	131	59
35	131	60
36	131	60
37	131	60
38	131	57
39	131	59
40	131	59
41	131	59
42	131	60
43	131	59
44	131	60
45	131	60
46	131	60
47	131	60
48	131	60
49	131	60
50	131	60
51	131	60
52	131	60
53	131	60
54	131	60
55	131	60
56	131	60
57	131	60
58	131	60
59	131	60
60	131	61
61	131	60
62	131	60
63	131	61
64	131	60
65	131	61
66	131	61
67	131	61
68	131	61
69	131	62
70	131	65
71	131	63
72	131	65
73	131	65
74	131	67
75	131	69
76	131	68
19	132	57
20	132	57
21	132	57
22	132	57
23	132	57
24	132	57
25	132	56
26	132	56
27	132	55
28	132	56
29	132	57
30	132	58
31	132	61
32	132	60
33	132	60
34	132	60
35	132	60
36	132	60
37	132	59
38	132	60
39	132	57
40	132	58
41	132	59
42	132	59
43	132	59
44	132	59
45	132	61
46	132	61
47	132	61
48	132	60
49	132	60
50	132	59
51	132	59
52	132	59
53	132	60
54	132	60
55	132	60
56	132	61
57	132	60
58	132	61
59	132	61
60	132	60
61	132	61
62	132	61
63	132	61
64	132	61
65	132	60
66	132	60
67	132	60
68	132	62
69	132	62
70	132	64
71	132	66
72	132	64
73	132	65
74	132	68
75	132	67
20	133	57
21	133	57
22	133	57
23	133	57
24	133	56
25	133	56
26	133	56
27	133	56
28	133	56
29	133	56
30	133	56
31	133	60
32	133	60
33	133	60
34	133	60
35	133	60
36	133	59
37	133	60
38	133	60
39	133	59
40	133	59
41	133	60
42	133	60
43	133	60
44	133	60
45	133	58
46	133	59
47	133	59
48	133	59
49	133	60
50	133	59
51	133	60
52	133	59
53	133	59
54	133	60
55	133	59
56	133	60
57	133	59
58	133	60
59	133	60
60	133	60
61	133	60
62	133	60
63	133	61
64	133	61
65	133	59
66	133	61
67	133	62
68	133	62
69	133	63
70	133	64
71	133	64
72	133	65
73	133	66
74	133	68
75	133	68
76	133	83
20	134	57
21	134	57
22	134	56
23	134	57
24	134	56
25	134	56
26	134	56
27	134	56
28	134	56
29	134	55
30	134	55
31	134	56
32	134	59
33	134	60
34	134	60
35	134	60
36	134	60
37	134	60
38	134	60
39	134	60
40	134	59
41	134	59
42	134	59
43	134	59
44	134	59
45	134	59
46	134	59
47	134	59
48	134	59
49	134	60
50	134	60
51	134	60
52	134	60
53	134	60
54	134	60
55	134	60
56	134	59
57	134	61
58	134	60
59	134	61
60	134	61
61	134	61
62	134	61
63	134	61
64	134	62
65	134	62
66	134	62
67	134	62
68	134	63
69	134	63
70	134	64
71	134	65
72	134	65
73	134	67
74	134	67
75	134	67
76	134	70
77	134	70
21	135	57
22	135	56
23	135	57
24	135	56
25	135	56
26	135	56
27	135	56
28	135	56
29	135	54
30	135	56
31	135	56
32	135	56
33	135	60
34	135	60
35	135	60
36	135	60
37	135	60
38	135	60
39	135	60
40	135	60
41	135	59
42	135	60
43	135	59
44	135	59
45	135	59
46	135	59
47	135	59
48	135	59
49	135	59
50	135	59
51	135	59
52	135	59
53	135	59
54	135	59
55	135	59
56	135	60
57	135	60
58	135	60
59	135	60
60	135	60
61	135	60
62	135	61
63	135	61
64	135	61
65	135	62
66	135	61
67	135	62
68	135	63
69	135	63
70	135	63
71	135	64
72	135	65
73	135	64
74	135	65
75	135	67
76	135	65
77	135	69
78	135	69
21	136	57
22	136	56
23	136	56
24	136	56
25	136	56
26	136	56
27	136	56
28	136	55
29	136	56
30	136	55
31	136	55
32	136	56
33	136	57
34	136	58
35	136	60
36	136	60
37	136	60
38	136	60
39	136	60
40	136	60
41	136	60
42	136	59
43	136	59
44	136	60
45	136	59
46	136	59
47	136	59
48	136	60
49	136	59
50	136	59
51	136	60
52	136	60
53	136	60
54	136	60
55	136	60
56	136	60
57	136	60
58	136	61
59	136	61
60	136	61
61	136	61
62	136	61
63	136	61
64	136	61
65	136	61
66	136	62
67	136	61
68	136	63
69	136	63
70	136	64
71	136	63
72	136	64
73	136	64
74	136	66
75	136	65
76	136	68
77	136	68
78	136	68
79	136	66
80	136	70
21	137	59
22	137	61
23	137	57
24	137	56
25	137	56
26	137	56
27	137	56
28	137	55
29	137	55
30	137	55
31	137	55
32	137	56
33	137	55
34	137	57
35	137	59
36	137	60
37	137	60
38	137	60
39	137	60
40	137	60
41	137	59
42	137	60
43	137	59
44	137	59
45	137	59
46	137	59
47	137	59
48	137	59
49	137	59
50	137	60
51	137	60
52	137	59
53	137	61
54	137	59
55	137	60
56	137	60
57	137	60
58	137	60
59	137	60
60	137	60
61	137	61
62	137	60
63	137	61
64	137	61
65	137	61
66	137	61
67	137	62
68	137	62
69	137	63
70	137	63
71	137	63
72	137	65
73	137	64
74	137	65
75	137	66
76	137	65
77	137	66
78	137	65
79	137	67
80	137	67
81	137	69
82	137	69
90	137	70
91	137	70
92	137	70
21	138	62
22	138	62
23	138	58
24	138	57
25	138	56
26	138	55
27	138	56
28	138	55
29	138	55
30	138	55
31	138	55
32	138	54
33	138	55
34	138	55
35	138	55
36	138	59
37	138	60
38	138	60
39	138	59
40	138	59
41	138	59
42	138	60
43	138	59
44	138	60
45	138	59
46	138	59
47	138	59
48	138	59
49	138	59
50	138	60
51	138	60
52	138	60
53	138	60
54	138	60
55	138	60
56	138	60
57	138	60
58	138	60
59	138	60
60	138	60
61	138	60
62	138	60
63	138	60
64	138	60
65	138	61
66	138	61
67	138	61
68	138	62
69	138	63
70	138	63
71	138	63
72	138	64
73	138	64
74	138	64
75	138	64
76	138	65
77	138	65
78	138	65
79	138	66
80	138	67
81	138	70
82	138	70
83	138	67
84	138	69
85	138	69
86	138	69
87	138	66
88	138	65
89	138	65
90	138	65
91	138	65
92	138	65
93	138	67
94	138	67
95	138	67
96	138	67
97	138	68
98	138	68
99	138	71
21	139	62
22	139	62
23	139	62
24	139	59
25	139	57
26	139	56
27	139	55
28	139	55
29	139	55
30	139	55
31	139	54
32	139	55
33	139	54
34	139	55
35	139	55
36	139	55
37	139	59
38	139	59
39	139	58
40	139	59
41	139	59
42	139	59
43	139	59
44	139	59
45	139	59
46	139	59
47	139	59
48	139	60
49	139	59
50	139	60
51	139	59
52	139	59
53	139	59
54	139	60
55	139	60
56	139	60
57	139	60
58	139	60
59	139	60
60	139	60
61	139	60
62	139	61
63	139	60
64	139	60
65	139	60
66	139	62
67	139	62
68	139	61
69	139	62
70	139	62
71	139	63
72	139	63
73	139	63
74	139	64
75	139	65
76	139	65
77	139	65
78	139	65
79	139	67
80	139	66
81	139	65
82	139	65
83	139	66
84	139	66
85	139	64
86	139	63
87	139	65
88	139	64
89	139	65
90	139	64
91	139	64
92	139	64
93	139	64
94	139	65
95	139	66
96	139	67
97	139	67
98	139	67
99	139	66
100	139	66
101	139	66
102	139	67
103	139	66
104	139	67
105	139	67
20	140	69
21	140	62
22	140	62
23	140	62
24	140	61
25	140	58
26	140	57
27	140	56
28	140	56
29	140	55
30	140	54
31	140	55
32	140	55
33	140	54
34	140	55
35	140	54
36	140	54
37	140	54
38	140	56
39	140	59
40	140	60
41	140	59
42	140	59
43	140	59
44	140	60
45	140	59
46	140	60
47	140	59
48	140	59
49	140	59
50	140	59
51	140	60
52	140	60
53	140	60
54	140	60
55	140	60
56	140	60
57	140	59
58	140	60
59	140	60
60	140	60
61	140	60
62	140	60
63	140	60
64	140	60
65	140	61
66	140	62
67	140	62
68	140	62
69	140	62
70	140	62
71	140	62
72	140	62
73	140	62
74	140	64
75	140	64
76	140	65
77	140	64
78	140	64
79	140	64
80	140	64
81	140	64
82	140	66
83	140	64
84	140	63
85	140	63
86	140	63
87	140	63
88	140	63
89	140	64
90	140	64
91	140	64
92	140	64
93	140	63
94	140	63
95	140	63
96	140	63
97	140	63
98	140	63
99	140	64
100	140	65
101	140	66
102	140	63
103	140	63
104	140	67
105	140	66
106	140	66
107	140	66
108	140	65
20	141	64
21	141	62
22	141	62
23	141	61
24	141	61
25	141	59
26	141	59
27	141	56
28	141	55
29	141	56
30	141	55
31	141	54
32	141	54
33	141	54
34	141	54
35	141	54
36	141	54
37	141	54
38	141	54
39	141	54
40	141	57
41	141	58
42	141	59
43	141	59
44	141	59
45	141	59
46	141	59
47	141	59
48	141	59
49	141	59
50	141	59
51	141	59
52	141	59
53	141	59
54	141	59
55	141	59
56	141	60
57	141	60
58	141	60
59	141	60
60	141	60
61	141	60
62	141	60
63	141	61
64	141	60
65	141	60
66	141	60
67	141	62
68	141	62
69	141	62
70	141	62
71	141	63
72	141	62
73	141	63
74	141	64
75	141	63
76	141	63
77	141	63
78	141	63
79	141	65
80	141	64
81	141	64
82	141	62
83	141	62
84	141	63
85	141	63
86	141	63
87	141	63
88	141	64
89	141	64
90	141	64
91	141	64
92	141	63
93	141	62
94	141	63
95	141	63
96	141	63
97	141	63
98	141	63
99	141	63
100	141	63
101	141	63
102	141	63
103	141	63
104	141	63
105	141	63
106	141	64
107	141	63
108	141	64
109	141	65
110	141	65
111	141	67
20	142	65
21	142	61
22	142	62
23	142	61
24	142	61
25	142	60
26	142	60
27	142	59
28	142	57
29	142	55
30	142	55
31	142	55
32	142	55
33	142	54
34	142	54
35	142	54
36	142	54
37	142	54
38	142	54
39	142	54
40	142	54
41	142	59
42	142	58
43	142	59
44	142	59
45	142	59
46	142	59
47	142	59
48	142	59
49	142	59
50	142	59
51	142	59
52	142	59
53	142	60
54	142	60
55	142	59
56	142	60
57	142	60
58	142	60
59	142	60
60	142	60
61	142	60
62	142	60
63	142	60
64	142	60
65	142	60
66	142	60
67	142	61
68	142	62
69	142	62
70	142	62
71	142	62
72	142	62
73	142	62
74	142	62
75	142	62
76	142	63
77	142	63
78	142	63
79	142	64
80	142	62
81	142	62
82	142	62
83	142	63
84	142	63
85	142	63
86	142	63
87	142	63
88	142	64
89	142	64
90	142	63
91	142	62
92	142	62
93	142	62
94	142	62
95	142	62
96	142	63
97	142	63
98	142	63
99	142	62
100	142	62
101	142	63
102	142	63
103	142	62
104	142	62
105	142	62
106	142	62
107	142	62
108	142	64
109	142	64
110	142	64
111	142	64
112	142	65
20	143	62
21	143	61
22	143	61
23	143	61
24	143	60
25	143	60
26	143	60
27	143	59
28	143	58
29	143	57
30	143	55
31	143	54
32	143	54
33	143	54
34	143	54
35	143	54
36	143	53
37	143	54
38	143	53
39	143	53
40	143	52
41	143	54
42	143	58
43	143	58
44	143	59
45	143	59
46	143	59
47	143	59
48	143	59
49	143	59
50	143	59
51	143	59
52	143	59
53	143	59
54	143	59
55	143	60
56	143	60
57	143	59
58	143	60
59	143	59
60	143	60
61	143	60
62	143	60
63	143	60
64	143	60
65	143	60
66	143	60
67	143	61
68	143	62
69	143	61
70	143	62
71	143	61
72	143	62
73	143	62
74	143	63
75	143	63
76	143	63
77	143	63
78	143	63
79	143	62
80	143	63
81	143	62
82	143	62
83	143	62
84	143	62
85	143	63
86	143	63
87	143	63
88	143	63
89	143	62
90	143	63
91	143	62
92	143	62
93	143	62
94	143	62
95	143	62
96	143	62
97	143	62
98	143	62
99	143	63
100	143	63
101	143	63
102	143	63
103	143	62
104	143	62
105	143	62
106	143	62
107	143	62
108	143	62
109	143	62
110	143	62
111	143	62
112	143	63
113	143	63
