429 416 1462
287 458 1698
288 436 1709
466 343 1374
314 390 1662
288 401 1709
282 405 1725
294 380 1693
326 361 1641
411 329 1530
366 337 1567
404 321 1531
314 349 1666
308 352 1676
268 339 1742
240 349 1793
454 270 1424
412 280 1478
295 314 1698
301 303 1686
282 309 1721
269 297 1749
261 298 1754
469 221 1385
294 262 1694
275 259 1730
233 271 1808
390 199 1537
466 171 1374
449 168 1407
260 209 1747
254 212 1768
476 154 1346
389 168 1535
289 188 1714
432 152 1448
458 137 1374
393 151 1519
505 115 1284
283 147 1730
232 153 1803
372 124 1557
367 125 1568
331 130 1627
247 142 1778
460 101 1359
395 112 1497
375 115 1537
338 121 1620
217 136 1824
474 85 1321
326 106 1642
391 83 1512
343 88 1603
408 65 1463
308 67 1675
449 47 1365
380 53 1526
420 42 1430
319 49 1647
500 24 1239
311 32 1646
306 33 1665
390 22 1479
462 13 1325
448 13 1364
469 6 1326
422 7 1413
507 -6 1211
462 -6 1326
432 -6 1376
395 -14 1468
355 -15 1552
384 -22 1484
380 -22 1498
394 -29 1467
251 -43 1747
315 -48 1627
264 -60 1716
385 -65 1459
421 -69 1387
367 -75 1505
284 -84 1683
491 -66 1217
381 -81 1473
336 -86 1571
289 -91 1665
277 -93 1694
325 -95 1597
301 -98 1636
283 -100 1678
276 -101 1687
427 -88 1361
334 -101 1561
319 -104 1603
349 -106 1527
453 -96 1281
446 -97 1298
373 -110 1471
364 -111 1492
317 -119 1595
270 -127 1701
382 -115 1447
269 -143 1693
367 -132 1474
268 -151 1685
432 -126 1333
379 -136 1436
326 -148 1560
418 -135 1354
309 -159 1597
379 -151 1439
379 -158 1438
346 -174 1513
405 -165 1380
329 -192 1538
277 -205 1640
407 -184 1363
381 -198 1417
338 -211 1511
417 -205 1328
395 -211 1366
368 -220 1422
334 -246 1492
295 -258 1566
398 -230 1355
279 -272 1604
418 -229 1310
338 -258 1477
444 -225 1255
283 -284 1581
428 -237 1284
432 -245 1257
340 -283 1454
452 -245 1225
303 -312 1523
332 -311 1451
409 -286 1303
401 -290 1321
375 -301 1369
317 -326 1483
408 -292 1299
254 -359 1599
283 -354 1539
316 -355 1479
287 -372 1518
281 -375 1531
425 -334 1238
344 442 1610
367 416 1571
376 393 1542
405 377 1508
478 335 1370
326 402 1641
489 322 1345
288 401 1709
320 380 1653
288 384 1709
389 337 1534
486 287 1336
418 322 1499
337 347 1616
425 304 1448
421 299 1459
332 334 1629
479 263 1353
449 278 1430
465 264 1394
392 280 1514
351 296 1603
233 335 1813
274 310 1727
500 217 1320
201 286 1845
489 198 1325
475 204 1362
461 193 1382
458 188 1393
387 205 1525
444 184 1416
476 168 1347
474 169 1359
442 175 1407
406 178 1484
404 180 1504
193 204 1858
455 145 1385
405 155 1481
439 142 1422
387 152 1526
472 114 1352
442 119 1408
367 133 1571
232 153 1803
391 120 1511
423 107 1439
365 117 1563
361 118 1576
289 128 1715
460 95 1357
344 112 1609
274 112 1729
478 78 1315
355 95 1585
344 96 1611
477 72 1312
430 77 1417
439 69 1398
427 71 1430
342 79 1598
408 65 1463
461 53 1341
457 54 1350
380 53 1526
336 56 1607
299 58 1675
437 41 1391
428 42 1409
416 43 1440
378 45 1521
398 37 1482
394 37 1494
317 40 1637
509 24 1216
361 30 1546
299 33 1675
472 19 1299
436 20 1389
385 14 1488
367 15 1537
192 18 1847
157 18 1877
479 0 1281
403 0 1445
323 -8 1625
333 -15 1594
211 -17 1773
375 -22 1506
340 -23 1589
364 -30 1525
447 -33 1339
297 -49 1660
431 -48 1375
320 -56 1608
426 -55 1380
296 -66 1653
385 -65 1459
362 -75 1515
335 -78 1569
308 -81 1631
398 -78 1430
357 -83 1525
351 -84 1535
331 -87 1585
325 -87 1597
435 -80 1345
341 -93 1558
301 -98 1636
289 -99 1664
276 -101 1687
398 -92 1426
385 -94 1458
312 -104 1610
473 -87 1248
436 -92 1327
373 -103 1472
400 -105 1409
364 -111 1492
295 -123 1648
288 -124 1658
403 -111 1395
349 -122 1527
318 -127 1598
293 -139 1637
275 -142 1679
299 -146 1626
415 -136 1366
403 -139 1395
375 -144 1449
367 -147 1475
298 -162 1623
286 -164 1646
392 -147 1408
283 -187 1630
198 -209 1822
373 -172 1441
359 -176 1474
349 -179 1491
301 -191 1592
291 -195 1627
172 -220 1836
388 -177 1418
348 -186 1488
265 -208 1667
259 -210 1683
183 -231 1849
414 -174 1341
390 -182 1400
367 -188 1446
323 -201 1549
322 -216 1544
281 -226 1616
342 -216 1495
293 -239 1596
229 -256 1709
386 -214 1386
381 -215 1392
291 -245 1585
111 -301 1882
334 -253 1492
434 -230 1280
361 -255 1421
392 -250 1356
431 -241 1273
288 -297 1565
391 -263 1353
250 -317 1626
261 -335 1596
254 -336 1600
327 -314 1463
306 -322 1501
341 -314 1429
381 -308 1343
272 -359 1563
133 -533 1940
159 -541 1899
299 -423 1434
196 -557 1799
450 -364 1157
122 -611 1909
412 -401 1217
189 -669 1739
443 409 1435
436 401 1435
433 412 1473
348 445 1592
395 404 1527
376 393 1542
376 385 1543
372 389 1558
336 402 1610
287 417 1702
365 374 1560
331 382 1627
326 376 1638
287 391 1702
289 368 1714
275 372 1732
307 334 1671
275 346 1731
319 321 1648
276 330 1741
239 339 1785
378 287 1551
339 300 1625
307 309 1670
267 321 1739
333 261 1635
247 276 1781
334 246 1641
275 242 1731
260 244 1749
253 193 1761
337 105 1616
291 109 1677
157 18 1877
-12 -298 2129
-390 -895 2983
155 -639 1854
499 296 1318
491 299 1331
532 270 1256
475 208 1342
485 200 1333
495 143 1308
527 130 1244
476 139 1328
531 111 1238
477 119 1330
519 99 1240
521 92 1230
474 99 1322
509 86 1230
479 92 1318
474 85 1321
480 65 1302
518 42 1221
470 13 1309
480 6 1267
498 0 1233
497 -6 1231
472 -12 1231
483 -30 1226
478 -50 1262
469 -69 1271
458 -70 1277
474 -75 1252
455 -89 1285
479 -112 1248
459 -126 1263
480 -128 1219
484 -133 1215
499 -137 1193
484 -137 1199
456 -150 1255
498 -147 1176
484 -149 1199
493 -192 1164
482 -194 1178
487 -203 1164
469 -211 1205
465 -212 1213
445 -220 1258
482 -212 1179
450 -223 1238
487 -221 1164
466 -230 1213
484 -228 1142
443 -253 1236
441 -255 1248
438 -260 1239
448 -271 1232
486 -263 1147
468 -272 1160
447 -291 1212
457 -291 1191
446 -296 1210
482 -284 1138
455 -296 1186
456 -303 1188
467 -306 1158
453 -313 1182
436 -322 1216
430 -328 1215
480 -315 1146
476 -320 1123
448 -337 1184
437 -349 1184
447 -349 1165
470 -397 1135
457 -396 1132
353 434 1579
331 447 1625
452 383 1419
376 408 1542
361 418 1578
356 421 1590
510 341 1312
513 322 1288
486 318 1354
466 305 1356
473 285 1358
515 255 1276
538 232 1254
392 280 1514
422 267 1487
532 219 1256
374 253 1534
527 199 1244
489 198 1325
485 200 1333
464 205 1371
438 205 1419
475 181 1343
379 209 1554
476 168 1347
360 196 1574
455 166 1385
406 178 1484
452 160 1395
409 168 1468
368 180 1573
495 143 1308
456 152 1386
396 165 1502
329 177 1617
411 154 1473
405 155 1481
343 168 1603
492 130 1300
476 125 1326
453 130 1378
444 132 1394
440 133 1403
318 156 1642
438 120 1419
433 121 1424
318 139 1642
442 111 1388
439 112 1401
338 129 1619
331 130 1627
325 130 1635
453 101 1357
439 104 1398
405 111 1481
380 114 1527
502 88 1259
453 96 1377
439 98 1400
368 108 1543
368 100 1539
431 85 1420
412 87 1451
358 93 1566
481 70 1288
454 74 1359
363 85 1553
520 61 1228
454 68 1360
429 70 1411
449 61 1366
425 63 1421
408 65 1463
399 66 1486
346 63 1583
435 48 1386
502 37 1243
454 40 1341
447 40 1360
432 41 1398
425 42 1421
403 44 1473
378 45 1521
352 47 1575
328 48 1611
415 35 1438
451 27 1351
444 27 1372
372 30 1528
478 19 1279
462 19 1324
430 20 1391
404 21 1448
381 22 1502
504 12 1219
500 12 1239
485 12 1265
483 12 1274
466 13 1318
421 14 1409
396 14 1472
380 14 1499
339 15 1585
457 0 1330
444 0 1352
417 0 1418
412 0 1427
390 0 1478
432 -6 1376
428 -6 1387
424 -6 1396
467 -12 1284
419 -14 1404
448 -20 1342
343 -23 1570
499 -24 1236
415 -28 1414
447 -33 1339
388 -36 1470
378 -37 1491
368 -37 1511
434 -40 1362
391 -43 1455
348 -46 1556
326 -47 1598
446 -46 1338
420 -48 1384
386 -51 1463
382 -51 1477
369 -52 1513
320 -56 1608
466 -51 1282
441 -53 1342
372 -59 1496
357 -61 1527
348 -62 1553
314 -64 1618
433 -61 1359
376 -66 1481
437 -67 1349
413 -70 1407
409 -70 1418
398 -71 1429
389 -79 1446
351 -84 1535
429 -80 1346
407 -84 1410
419 -89 1380
414 -90 1386
405 -91 1401
402 -92 1417
394 -93 1440
323 -103 1587
482 -85 1223
473 -87 1248
469 -89 1271
436 -92 1327
373 -103 1472
428 -100 1343
422 -102 1368
400 -105 1409
395 -106 1416
364 -111 1492
317 -119 1595
477 -99 1243
426 -108 1359
400 -112 1410
382 -115 1447
318 -127 1598
488 -101 1194
428 -120 1343
343 -145 1534
320 -149 1573
482 -120 1209
450 -129 1290
426 -133 1337
415 -136 1366
398 -140 1403
336 -153 1536
325 -155 1557
313 -157 1575
430 -139 1329
364 -153 1465
360 -155 1477
445 -142 1294
437 -144 1310
387 -155 1413
345 -165 1506
324 -170 1552
448 -147 1285
390 -168 1400
359 -176 1474
349 -179 1491
460 -155 1247
338 -188 1509
311 -195 1565
461 -162 1251
407 -176 1361
390 -182 1400
353 -192 1478
344 -195 1502
402 -191 1370
362 -203 1454
444 -184 1274
430 -189 1309
314 -223 1541
391 -206 1377
368 -213 1424
364 -215 1435
348 -218 1458
346 -221 1479
331 -226 1511
365 -222 1438
368 -227 1423
325 -243 1521
419 -216 1314
376 -231 1400
390 -233 1373
312 -260 1531
394 -238 1363
370 -245 1404
321 -262 1502
409 -238 1326
401 -241 1342
355 -257 1428
379 -256 1385
340 -269 1455
420 -246 1297
413 -249 1315
408 -250 1320
374 -264 1390
355 -271 1427
383 -267 1374
359 -276 1415
344 -281 1441
415 -260 1302
404 -265 1329
388 -268 1344
381 -273 1366
363 -280 1402
297 -306 1533
348 -292 1426
338 -296 1447
407 -276 1318
359 -296 1413
344 -302 1439
300 -317 1511
346 -305 1420
312 -321 1495
299 -331 1506
386 -300 1337
346 -319 1418
397 -300 1308
368 -315 1371
359 -319 1387
355 -322 1400
341 -328 1428
336 -331 1439
363 -323 1376
406 -316 1293
379 -327 1336
302 -363 1482
345 -354 1389
359 -353 1360
359 -360 1362
348 -370 1371
412 -351 1254
375 -370 1323
323 -396 1414
345 -387 1358
429 -346 1196
385 -374 1289
377 -379 1307
378 -386 1288
424 -378 1200
384 -405 1266
455 -371 1141
465 -371 1125
385 -418 1248
403 -416 1225
424 -408 1182
458 -420 1121
444 -445 1142
436 401 1435
361 418 1578
336 402 1610
332 407 1630
352 385 1575
465 329 1371
436 344 1434
427 334 1452
455 309 1406
424 317 1442
473 285 1358
406 311 1482
299 343 1675
312 322 1651
406 281 1482
391 287 1510
301 319 1683
391 272 1511
396 262 1501
398 256 1508
456 229 1388
391 249 1509
357 257 1559
386 243 1520
379 217 1555
384 208 1546
245 229 1768
360 196 1574
345 197 1577
406 178 1484
401 171 1491
343 168 1603
337 161 1615
324 163 1630
380 137 1527
318 139 1642
303 123 1652
368 100 1539
358 78 1563
339 55 1584
210 8 1771
203 0 1783
287 -16 1652
220 -17 1775
196 -17 1798
188 -27 1815
181 -36 1829
188 -45 1815
139 -94 1890
155 -120 1855
138 -121 1874
138 -130 1867
120 -179 1888
121 -189 1897
223 -181 1729
210 -220 1766
111 -340 1893
112 -383 1915
194 -569 1780
198 -671 1743
-217 -974 2530
400 417 1516
352 426 1609
354 411 1582
288 444 1708
356 406 1592
390 376 1538
287 417 1702
344 386 1611
320 396 1653
402 358 1524
397 360 1534
351 377 1605
276 408 1739
487 305 1357
519 282 1286
454 313 1424
321 364 1655
529 274 1278
488 274 1341
350 320 1601
240 359 1797
226 328 1823
307 292 1672
247 312 1783
447 242 1424
301 286 1683
275 268 1733
234 281 1817
316 242 1675
226 264 1824
472 185 1374
404 195 1502
225 218 1819
471 121 1351
461 124 1383
225 163 1815
226 154 1823
362 110 1582
344 112 1609
476 79 1325
468 80 1341
321 99 1657
457 74 1350
436 77 1411
427 78 1429
473 66 1336
380 76 1529
385 60 1516
326 65 1638
301 67 1682
469 39 1326
437 41 1391
408 36 1462
353 31 1578
416 21 1416
470 13 1309
363 15 1553
215 17 1735
436 6 1366
351 7 1567
412 0 1427
387 0 1495
323 -8 1625
335 -24 1606
476 -25 1273
415 -28 1414
349 -31 1561
305 -33 1660
378 -37 1491
389 -44 1473
359 -46 1534
391 -65 1454
413 -70 1407
227 -88 1760
226 -96 1758
435 -80 1345
470 -88 1259
433 -93 1339
312 -120 1609
412 -117 1379
320 -149 1573
347 -151 1515
336 -153 1536
332 -155 1553
321 -157 1574
298 -162 1623
273 -174 1666
419 -149 1356
414 -149 1363
335 -168 1531
205 -207 1804
427 -160 1338
328 -184 1536
296 -193 1609
322 -193 1544
444 -184 1274
346 -221 1479
303 -258 1564
255 -281 1657
398 -244 1356
384 -248 1378
410 -245 1328
245 -305 1650
408 -250 1320
410 -281 1308
288 -358 1525
334 -357 1429
312 -386 1458
194 -495 1869
386 434 1523
371 442 1553
358 447 1599
421 408 1483
301 463 1685
546 337 1272
503 345 1328
422 386 1488
388 397 1530
354 411 1582
420 377 1481
361 394 1579
395 374 1528
312 405 1655
355 380 1587
511 301 1281
512 305 1300
402 358 1524
331 382 1627
326 376 1638
282 395 1720
294 380 1693
338 356 1620
485 279 1333
420 305 1453
462 288 1405
363 325 1585
514 254 1305
283 336 1727
301 319 1683
233 343 1808
339 300 1625
335 304 1643
302 312 1690
429 255 1459
289 299 1711
233 316 1811
370 269 1585
295 288 1699
288 273 1708
202 296 1854
294 262 1694
287 263 1702
262 272 1759
241 279 1802
420 222 1480
269 262 1747
423 212 1466
322 241 1662
423 197 1465
418 191 1473
242 234 1806
194 242 1867
463 173 1388
301 210 1686
201 231 1849
420 174 1456
232 216 1805
349 183 1595
323 191 1664
506 141 1285
489 144 1309
404 165 1504
261 192 1753
385 162 1549
151 201 1919
458 137 1374
384 154 1542
416 139 1466
402 142 1495
451 118 1393
438 120 1419
240 152 1791
201 156 1845
177 160 1893
492 103 1299
276 139 1739
460 101 1359
405 111 1481
395 112 1497
262 132 1762
449 97 1386
284 100 1683
465 53 1335
390 60 1506
369 61 1545
326 65 1638
389 37 1502
380 38 1529
352 39 1572
313 41 1656
415 21 1436
368 23 1540
352 23 1572
227 25 1694
462 13 1325
417 14 1420
414 7 1433
340 7 1589
241 8 1733
417 0 1418
395 -7 1470
280 -8 1708
184 -9 1866
39 -10 2073
390 -22 1477
297 -24 1660
385 -29 1489
379 -29 1495
338 -31 1583
375 -37 1509
258 -43 1737
369 -52 1513
359 -53 1536
203 -62 1784
18 -73 2088
396 -57 1447
338 -63 1580
314 -64 1618
284 -67 1685
325 -79 1597
227 -88 1760
115 -107 1958
8 -115 2093
325 -95 1597
283 -100 1678
427 -88 1361
318 -112 1600
226 -122 1754
437 -99 1330
277 -126 1691
204 -152 1796
155 -157 1854
375 -130 1450
255 -154 1715
8 -189 2105
399 -133 1407
377 -138 1457
359 -142 1503
145 -175 1843
111 -180 1897
394 -141 1415
386 -143 1435
304 -161 1611
261 -170 1700
370 -153 1460
321 -165 1576
364 -175 1463
345 -188 1508
318 -195 1563
295 -200 1606
271 -207 1657
-23 -288 2136
120 -264 1888
83 -276 1905
-45 -313 2164
-103 -347 2245
314 -246 1542
280 -257 1610
291 -261 1586
-79 -387 2214
337 -272 1475
335 -285 1465
270 -319 1598
345 -296 1447
273 -322 1574
359 -296 1413
254 -359 1599
112 -437 1900
137 -497 1989
199 -513 1832
185 -524 1872
134 -583 1944
197 -569 1808
179 -599 1817
386 434 1523
379 435 1555
287 446 1654
405 399 1508
388 397 1530
361 402 1579
345 412 1615
296 400 1702
343 369 1607
344 353 1608
321 364 1655
333 351 1633
327 345 1645
282 353 1722
315 333 1667
314 315 1661
240 314 1796
328 272 1649
225 300 1819
323 249 1665
240 269 1796
358 232 1602
297 239 1707
248 241 1787
225 245 1819
316 217 1672
232 234 1805
328 181 1649
193 204 1858
151 172 1918
217 136 1824
193 139 1860
290 100 1672
48 -40 2040
38 -71 2051
-2 -105 2110
48 -122 2039
8 -137 2111
8 -155 2075
-23 -169 2120
-23 -194 2163
-12 -276 2123
-127 -363 2271
-149 -363 2269
-127 -386 2273
-102 -425 2238
-150 -445 2282
-140 -484 2308
257 -408 1569
-288 -695 2483
-98 -673 2137
-258 -828 2438
494 373 1358
503 358 1327
521 339 1306
516 334 1310
532 298 1271
538 291 1268
490 285 1329
493 267 1337
531 213 1254
496 219 1327
529 193 1249
491 192 1330
476 154 1346
506 141 1285
500 136 1303
526 111 1242
520 113 1256
515 113 1259
488 97 1305
490 84 1294
480 71 1303
477 72 1312
473 59 1318
514 47 1199
502 37 1259
469 39 1326
497 31 1247
519 12 1209
496 -18 1229
480 -18 1251
475 -19 1288
495 -30 1225
500 -36 1222
484 -36 1214
499 -48 1221
472 -50 1262
473 -56 1265
501 -77 1197
503 -84 1201
498 -84 1203
477 -87 1243
488 -91 1223
484 -104 1230
500 -106 1180
504 -112 1188
502 -118 1185
481 -122 1222
473 -124 1249
494 -125 1193
481 -144 1206
478 -164 1215
460 -168 1249
488 -173 1193
484 -173 1199
477 -173 1195
483 -189 1182
472 -200 1214
463 -207 1221
457 -223 1240
447 -224 1246
472 -227 1199
469 -229 1206
467 -240 1202
445 -251 1258
441 -268 1247
458 -269 1225
476 -285 1165
494 371 1304
434 414 1453
335 457 1603
436 401 1435
379 435 1555
523 356 1296
498 371 1350
367 431 1570
423 388 1465
411 398 1502
389 406 1534
537 325 1252
503 345 1328
356 406 1592
508 326 1306
352 385 1575
527 306 1275
523 307 1279
513 312 1302
434 348 1453
512 305 1300
495 315 1343
481 319 1360
413 347 1480
320 387 1650
337 371 1615
490 303 1347
428 327 1457
338 356 1620
331 357 1624
529 274 1278
483 289 1346
476 293 1364
409 321 1494
413 310 1480
499 273 1336
465 285 1393
515 251 1290
494 251 1287
467 272 1398
344 314 1610
533 239 1259
486 257 1355
467 261 1378
391 287 1510
492 247 1335
453 256 1422
418 258 1474
474 218 1322
474 224 1360
409 246 1494
474 217 1358
443 229 1436
427 232 1453
372 241 1559
368 244 1576
505 194 1298
438 216 1441
433 217 1450
533 180 1243
499 184 1317
494 184 1321
472 189 1354
513 171 1271
499 177 1316
475 184 1363
511 164 1266
462 179 1384
418 191 1473
502 161 1292
466 171 1374
436 179 1437
407 185 1486
382 192 1537
500 156 1304
477 161 1349
404 180 1504
369 189 1578
529 143 1248
474 156 1358
503 142 1295
484 146 1330
477 148 1350
460 151 1377
478 141 1350
462 145 1385
437 148 1415
421 145 1457
468 129 1362
416 139 1466
387 145 1526
461 124 1383
396 135 1500
409 127 1494
468 107 1341
461 108 1362
402 119 1495
492 97 1298
468 100 1341
453 103 1378
433 106 1426
419 108 1451
361 118 1576
321 124 1657
468 93 1342
436 98 1412
419 101 1452
398 105 1509
481 84 1305
388 99 1529
355 103 1588
504 75 1263
502 76 1274
456 82 1367
424 86 1445
391 90 1512
385 91 1519
369 92 1546
355 95 1585
498 69 1264
493 70 1285
477 72 1312
448 76 1385
436 77 1411
499 64 1284
451 68 1371
370 77 1550
506 56 1254
470 59 1330
468 60 1341
442 62 1386
395 67 1496
505 50 1251
413 58 1454
404 58 1474
375 61 1536
454 47 1361
519 36 1211
480 39 1302
461 40 1342
420 42 1430
412 43 1451
348 47 1591
452 33 1353
422 35 1437
322 40 1621
367 30 1538
346 31 1584
446 20 1356
438 20 1373
415 21 1436
396 22 1475
388 22 1500
378 22 1521
368 23 1540
361 23 1545
352 23 1572
347 23 1586
462 13 1325
414 14 1433
356 15 1558
317 16 1635
492 6 1250
452 6 1354
367 7 1538
362 7 1547
329 8 1613
434 0 1383
400 0 1461
437 -6 1372
421 -7 1408
373 -7 1528
351 -7 1569
319 -8 1644
351 -15 1567
435 -20 1385
414 -21 1432
390 -22 1477
380 -22 1498
350 -23 1565
399 -29 1457
385 -29 1489
370 -30 1519
360 -30 1540
356 -31 1557
452 -33 1333
446 -33 1358
349 -38 1558
480 -36 1220
423 -41 1392
416 -42 1415
401 -43 1440
354 -46 1548
344 -47 1574
460 -46 1319
440 -47 1359
349 -54 1558
328 -56 1608
425 -56 1400
411 -56 1424
342 -62 1566
426 -62 1380
414 -63 1410
405 -64 1426
383 -74 1481
315 -81 1624
437 -74 1350
363 -83 1521
341 -93 1558
325 -95 1597
314 -97 1623
469 -82 1271
435 -87 1343
385 -94 1458
318 -112 1600
393 -107 1437
448 -105 1321
440 -105 1320
398 -114 1428
447 -110 1300
403 -118 1396
392 -121 1431
369 -125 1482
400 -126 1410
394 -127 1414
417 -130 1372
396 -135 1422
433 -133 1338
416 -143 1369
315 -166 1586
375 -159 1448
321 -173 1575
355 -178 1485
318 -195 1563
307 -198 1587
415 -177 1366
307 -206 1586
373 -194 1442
359 -206 1474
328 -214 1534
398 -199 1377
379 -204 1412
370 -207 1432
323 -224 1546
397 -206 1375
321 -238 1536
303 -250 1566
383 -230 1398
362 -242 1426
309 -264 1554
302 -265 1560
378 -246 1408
313 -268 1535
375 -257 1394
337 -272 1475
305 -283 1533
338 -281 1479
378 -269 1382
335 -285 1465
353 -283 1419
325 -297 1488
313 -315 1500
332 -311 1451
366 -305 1389
327 -321 1459
322 -323 1470
322 -338 1472
306 -345 1503
371 -331 1354
292 -369 1508
334 -357 1429
297 -373 1493
296 -379 1490
327 -378 1428
355 -377 1371
340 -384 1397
288 -416 1486
468 393 1381
378 433 1520
341 457 1634
331 447 1625
452 383 1419
409 403 1495
377 417 1546
453 369 1420
356 406 1592
326 418 1639
435 364 1456
398 377 1508
376 385 1543
320 412 1651
344 386 1611
333 392 1634
312 396 1651
413 347 1480
331 382 1627
314 390 1662
344 353 1608
366 337 1567
337 347 1616
320 338 1649
350 312 1600
344 314 1610
268 339 1742
354 301 1584
345 306 1613
307 309 1670
307 292 1672
411 255 1500
288 281 1709
374 250 1565
302 270 1690
294 262 1694
275 268 1733
406 226 1509
275 259 1730
275 251 1734
275 242 1731
260 244 1749
239 250 1788
394 205 1521
276 225 1738
260 227 1748
382 192 1537
276 217 1740
267 217 1737
378 186 1552
368 180 1573
372 171 1557
356 167 1593
314 166 1663
346 153 1618
331 154 1625
313 157 1658
252 166 1756
332 138 1630
320 132 1654
321 124 1657
306 116 1664
335 40 1607
328 40 1608
330 24 1618
310 16 1641
206 -9 1812
104 -135 1930
76 -177 1969
129 -188 1881
82 -386 1885
194 -495 1869
175 -531 1864
175 -558 1862
165 -557 1859
196 -557 1799
179 -599 1817
172 -604 1832
161 -627 1818
45 -579 1899
-12 -612 2007
-132 -706 2173
72 -612 1855
105 -688 1788
369 424 1545
409 388 1493
395 397 1528
306 416 1664
390 368 1535
384 370 1542
428 354 1508
456 324 1409
438 326 1420
483 289 1346
465 285 1393
449 293 1432
493 267 1337
510 255 1311
350 312 1600
344 314 1610
462 266 1404
377 299 1577
345 306 1613
334 311 1639
301 319 1683
289 325 1711
470 249 1349
307 309 1670
496 238 1326
437 259 1439
333 286 1637
316 292 1673
288 290 1709
409 246 1494
339 267 1622
453 223 1398
340 252 1630
321 257 1659
483 192 1328
233 253 1812
394 205 1521
535 162 1247
458 174 1395
328 206 1652
484 157 1313
450 162 1411
373 179 1563
310 177 1687
476 134 1345
451 139 1392
429 143 1437
402 142 1495
209 174 1839
304 153 1701
446 118 1399
438 120 1419
425 122 1445
240 152 1791
447 110 1382
411 117 1473
361 118 1576
392 105 1513
401 97 1492
337 105 1616
291 109 1677
287 110 1699
470 79 1329
355 95 1585
339 97 1625
504 68 1249
444 76 1392
236 85 1704
516 48 1217
337 64 1612
306 58 1666
412 43 1451
452 33 1353
356 15 1558
306 16 1665
457 0 1330
439 0 1378
279 0 1706
455 -6 1344
366 -7 1535
330 -8 1618
234 -8 1748
375 -15 1506
360 -23 1542
350 -23 1565
259 -26 1744
510 -24 1204
425 -41 1378
369 -52 1513
353 -54 1544
314 -64 1618
290 -66 1668
249 -69 1735
436 -60 1347
353 -77 1543
407 -77 1409
435 -87 1343
477 -87 1243
323 -118 1584
334 -125 1562
298 -138 1624
248 -155 1725
403 -139 1395
438 -137 1311
424 -141 1351
388 -149 1419
345 -158 1510
341 -175 1525
309 -183 1592
252 -195 1696
355 -178 1485
318 -195 1563
271 -207 1657
259 -210 1683
437 -170 1308
289 -210 1615
277 -213 1641
379 -204 1412
352 -213 1473
323 -224 1546
297 -236 1574
314 -246 1542
267 -277 1631
391 -241 1377
379 -256 1385
442 -259 1233
385 -291 1355
337 -310 1442
316 -318 1480
161 -480 1920
479 385 1353
304 471 1655
515 371 1325
512 356 1318
300 453 1680
399 401 1514
376 408 1542
409 388 1493
400 394 1515
306 433 1667
506 336 1319
376 385 1543
294 423 1692
320 387 1650
526 296 1288
395 343 1527
528 277 1262
261 385 1753
253 379 1762
536 265 1265
283 363 1730
321 331 1657
510 255 1311
444 280 1437
344 314 1610
458 268 1415
446 262 1421
513 234 1302
441 250 1429
275 303 1731
475 231 1363
450 240 1412
261 298 1754
339 267 1622
239 295 1789
225 300 1819
473 220 1376
427 232 1453
424 235 1470
334 254 1639
445 213 1420
428 218 1457
472 189 1354
475 184 1363
404 195 1502
295 212 1696
398 181 1509
289 205 1714
407 170 1485
240 197 1795
261 184 1757
451 139 1392
393 151 1519
269 175 1751
451 132 1394
393 144 1517
366 148 1564
318 156 1642
252 166 1756
515 113 1259
427 130 1454
417 132 1471
315 150 1668
425 122 1445
395 127 1498
451 109 1372
377 123 1546
372 124 1557
448 103 1384
380 114 1527
439 98 1400
354 110 1583
332 105 1630
447 82 1380
395 89 1497
439 77 1400
503 61 1232
459 67 1356
441 69 1383
400 74 1487
332 81 1628
481 58 1304
473 59 1318
418 65 1448
280 77 1712
417 57 1443
314 66 1663
433 49 1403
452 33 1353
440 34 1381
448 27 1361
399 29 1483
306 33 1665
124 29 1940
414 14 1433
371 15 1523
407 7 1433
351 7 1567
443 0 1369
372 0 1527
311 0 1650
351 -7 1569
335 -8 1606
408 -14 1438
370 -15 1517
298 -16 1669
265 -17 1723
416 -21 1416
403 -21 1447
443 -26 1347
399 -29 1457
513 -29 1197
378 -37 1491
364 -38 1524
349 -38 1558
159 -47 1894
513 -35 1197
437 -40 1350
410 -42 1419
304 -49 1654
410 -49 1418
386 -51 1463
180 -63 1827
395 -64 1441
296 -74 1655
347 -77 1551
331 -79 1587
284 -84 1683
402 -77 1416
319 -88 1606
289 -91 1665
407 -84 1410
264 -102 1715
295 -107 1650
373 -110 1471
359 -112 1502
354 -113 1516
312 -120 1609
334 -125 1562
400 -126 1410
387 -129 1440
371 -146 1464
357 -149 1495
321 -157 1574
291 -162 1626
291 -170 1626
273 -174 1666
290 -178 1621
272 -182 1660
356 -171 1491
278 -189 1646
324 -186 1554
317 -186 1557
308 -190 1590
366 -180 1443
338 -188 1509
283 -203 1627
419 -180 1336
370 -207 1432
346 -221 1479
310 -233 1559
365 -222 1438
297 -251 1573
296 -266 1568
291 -268 1581
365 -253 1409
362 -263 1426
276 -293 1588
175 -364 1866
197 -465 1898
196 -471 1884
161 -490 1924
168 -512 1898
189 -591 1821
139 -623 1888
423 388 1465
376 408 1542
341 432 1632
306 433 1667
280 436 1710
332 399 1629
384 370 1542
320 396 1653
288 401 1709
295 391 1700
275 398 1734
312 372 1654
320 346 1650
273 361 1721
338 331 1618
327 329 1645
345 306 1613
301 319 1683
351 296 1603
282 292 1720
239 295 1789
287 263 1702
268 269 1741
282 249 1723
202 268 1853
260 218 1748
247 195 1778
200 146 1837
287 119 1704
281 102 1715
161 -537 1920
147 -617 1870
311 -195 1565
529 328 1263
513 322 1288
531 300 1254
492 302 1316
485 310 1351
529 274 1278
524 256 1281
485 263 1351
482 242 1344
519 190 1270
518 177 1268
513 171 1271
477 159 1331
478 146 1331
477 148 1350
492 130 1300
481 105 1322
516 80 1233
481 78 1306
493 70 1285
486 65 1300
496 48 1212
471 45 1312
469 39 1308
475 32 1289
499 18 1251
504 12 1219
498 12 1249
483 12 1274
498 6 1233
480 0 1266
474 -12 1269
470 -19 1291
481 -25 1253
460 -26 1302
473 -32 1284
500 -42 1210
469 -57 1271
485 -67 1232
470 -88 1259
496 -96 1200
498 -119 1190
485 -126 1200
468 -129 1236
466 -137 1247
472 -141 1231
462 -179 1237
452 -182 1261
495 -186 1168
449 -200 1251
475 -196 1192
479 -213 1186
479 -219 1187
457 -229 1207
467 -267 1187
480 -303 1145
518 346 1284
323 430 1623
506 336 1319
510 317 1296
462 332 1385
523 297 1265
463 330 1407
442 331 1410
437 338 1439
423 344 1466
503 294 1310
437 316 1439
471 294 1369
447 306 1424
356 342 1592
434 305 1454
535 249 1249
489 262 1343
402 291 1496
459 258 1396
512 231 1283
482 242 1344
384 270 1543
404 255 1502
383 261 1538
532 198 1240
453 223 1398
512 190 1267
449 211 1407
483 192 1328
431 209 1444
426 203 1450
529 166 1235
436 193 1435
425 195 1447
387 205 1525
535 162 1247
470 177 1366
425 187 1445
422 189 1460
360 204 1572
522 155 1245
414 182 1458
468 163 1362
411 176 1473
476 154 1346
469 157 1365
455 159 1384
401 171 1491
332 187 1629
517 137 1251
527 130 1244
476 139 1328
471 141 1350
417 154 1470
387 160 1524
455 138 1384
439 142 1422
523 117 1234
478 124 1315
493 117 1303
481 119 1323
471 121 1351
434 128 1430
465 115 1353
390 128 1507
523 98 1234
507 100 1256
484 105 1313
451 109 1372
432 113 1422
391 120 1511
474 99 1322
460 101 1359
485 90 1297
463 94 1347
432 99 1423
414 102 1459
386 106 1520
365 109 1562
474 85 1321
467 87 1340
459 88 1355
363 101 1554
504 74 1249
492 76 1282
481 78 1306
468 80 1341
447 82 1380
504 67 1233
457 74 1350
427 78 1429
418 79 1447
414 80 1459
494 62 1254
433 70 1401
400 74 1487
342 79 1598
473 59 1318
429 63 1414
418 65 1448
386 67 1493
453 54 1359
441 55 1385
433 56 1403
340 63 1589
449 47 1365
441 48 1385
421 50 1432
390 52 1508
339 55 1584
395 44 1497
383 45 1509
463 33 1329
437 34 1393
428 35 1410
398 37 1482
380 38 1529
328 40 1608
491 18 1262
426 21 1402
401 21 1464
322 24 1622
316 24 1632
501 12 1225
403 14 1447
371 15 1523
367 15 1537
363 15 1553
442 6 1367
436 6 1366
407 7 1433
400 7 1461
375 7 1509
371 7 1521
469 0 1307
409 0 1441
381 0 1502
399 -7 1459
385 -7 1488
380 -7 1499
366 -7 1535
356 -7 1558
398 -14 1453
436 -20 1367
403 -21 1447
397 -21 1450
384 -22 1484
375 -22 1506
371 -22 1521
360 -23 1542
316 -24 1631
476 -25 1273
468 -25 1288
443 -26 1347
419 -28 1402
471 -30 1228
355 -38 1551
450 -39 1328
410 -42 1419
397 -43 1450
379 -44 1493
367 -45 1507
413 -49 1406
434 -54 1362
382 -59 1475
483 -55 1243
459 -58 1298
428 -61 1365
395 -64 1441
385 -65 1459
368 -67 1508
417 -69 1397
367 -75 1505
335 -78 1569
412 -77 1402
381 -81 1473
347 -85 1550
435 -80 1345
424 -82 1372
483 -79 1226
442 -86 1323
427 -88 1361
412 -91 1401
367 -97 1504
349 -99 1528
334 -101 1561
493 -84 1207
470 -88 1259
459 -89 1279
477 -91 1226
439 -98 1315
411 -103 1376
412 -105 1402
387 -108 1441
373 -110 1471
369 -111 1484
359 -112 1502
349 -114 1527
344 -115 1535
410 -111 1394
390 -114 1426
369 -118 1484
432 -113 1333
412 -117 1379
400 -119 1411
394 -120 1414
386 -121 1435
382 -123 1447
348 -129 1523
332 -131 1552
412 -124 1378
367 -132 1474
432 -126 1333
408 -131 1388
391 -135 1429
377 -138 1457
309 -151 1594
452 -127 1278
435 -132 1325
410 -137 1373
386 -143 1435
380 -144 1441
367 -147 1475
357 -149 1495
321 -157 1574
309 -159 1597
438 -137 1311
410 -144 1372
392 -147 1408
376 -152 1452
335 -160 1532
405 -151 1380
312 -172 1571
383 -163 1425
322 -177 1544
409 -164 1368
378 -172 1435
345 -180 1507
334 -183 1525
390 -175 1401
364 -182 1462
333 -190 1523
329 -192 1538
322 -193 1544
430 -169 1307
419 -173 1335
398 -179 1379
377 -186 1431
367 -188 1446
363 -189 1458
333 -197 1522
323 -201 1549
387 -190 1412
411 -189 1352
372 -201 1438
351 -205 1470
436 -186 1288
426 -190 1316
384 -203 1404
362 -210 1454
333 -220 1523
399 -203 1358
360 -217 1448
373 -219 1416
368 -220 1422
356 -226 1460
345 -228 1476
340 -230 1485
373 -226 1416
340 -237 1486
330 -241 1506
386 -228 1385
368 -234 1421
344 -243 1473
303 -258 1564
376 -237 1399
372 -239 1411
339 -251 1480
355 -250 1429
349 -255 1460
332 -259 1484
316 -264 1512
388 -252 1366
370 -259 1404
321 -278 1504
340 -283 1454
350 -287 1436
317 -296 1482
348 -299 1426
393 -287 1338
360 -305 1390
332 -319 1450
412 -290 1291
386 -307 1336
345 -339 1414
359 431 1569
367 416 1571
309 412 1683
322 389 1621
461 334 1423
437 338 1439
423 344 1466
454 313 1424
413 310 1480
315 333 1667
267 321 1739
380 251 1526
374 253 1534
411 240 1503
373 218 1560
366 195 1566
369 189 1578
373 179 1563
356 182 1590
349 183 1595
356 159 1591
318 156 1642
387 137 1524
344 136 1611
331 130 1627
311 131 1646
298 125 1669
363 85 1553
336 56 1607
334 48 1601
352 39 1572
315 32 1627
195 17 1796
227 8 1762
220 8 1774
301 0 1641
235 0 1760
234 -8 1748
220 -8 1779
197 -45 1814
156 -55 1861
211 -62 1774
172 -82 1838
172 -91 1839
172 -110 1838
216 -139 1749
260 -202 1691
108 -491 2004
201 -461 1846
197 -542 1809
184 -604 1777
339 -166 1515
307 443 1672
331 382 1627
337 371 1615
275 398 1734
422 308 1436
226 356 1826
282 327 1721
255 319 1773
275 251 1734
211 268 1854
247 222 1780
240 197 1795
471 141 1350
263 176 1768
497 83 1279
418 86 1448
418 79 1447
226 93 1693
404 58 1474
453 40 1356
425 42 1421
279 42 1705
388 29 1498
462 19 1324
446 20 1356
388 22 1500
352 23 1572
341 23 1595
346 7 1581
299 8 1674
390 -22 1477
354 -23 1547
451 -26 1331
431 -27 1375
370 -30 1519
447 -33 1339
333 -39 1595
298 -41 1670
309 -57 1636
414 -56 1409
405 -57 1428
382 -59 1475
381 -66 1473
284 -75 1685
308 -81 1631
265 -86 1726
445 -73 1334
437 -74 1350
452 -78 1314
341 -93 1558
394 -93 1440
323 -103 1587
329 -110 1577
261 -127 1700
485 -96 1201
418 -110 1378
409 -118 1393
255 -154 1715
274 -159 1674
367 -147 1475
357 -149 1495
321 -165 1576
315 -166 1586
285 -172 1642
392 -154 1406
279 -182 1656
278 -189 1646
414 -163 1362
206 -217 1812
388 -177 1418
265 -208 1667
293 -215 1593
446 -179 1278
411 -189 1352
362 -210 1454
341 -223 1492
425 -203 1313
360 -231 1448
350 -234 1467
325 -243 1521
292 -254 1587
226 -270 1688
344 -243 1473
362 -242 1426
302 -265 1560
291 -268 1581
295 -273 1563
393 -245 1361
384 -254 1377
222 -324 1663
308 -302 1512
291 -308 1540
430 -260 1269
285 -325 1549
363 -301 1401
404 -288 1310
307 -331 1505
335 -337 1434
246 -376 1600
375 -322 1345
188 -476 1904
414 -347 1240
391 -367 1288
125 -558 1958
344 -413 1355
140 -580 1903
463 -373 1132
473 -378 1129
455 -388 1141
112 -658 1908
369 424 1545
282 405 1725
366 337 1567
269 350 1751
350 312 1600
275 337 1731
247 347 1782
239 339 1785
308 301 1674
233 325 1807
437 252 1440
333 286 1637
288 290 1709
276 295 1737
246 293 1776
418 235 1473
275 259 1730
233 271 1808
241 261 1800
202 268 1853
241 242 1799
245 229 1768
394 190 1521
474 163 1358
441 171 1429
353 189 1579
303 203 1695
445 163 1417
467 151 1379
372 171 1557
366 172 1568
192 194 1849
486 126 1267
407 141 1487
479 98 1318
439 104 1398
419 108 1451
209 137 1838
193 139 1860
306 116 1664
392 98 1514
481 78 1306
463 80 1346
409 88 1467
391 90 1512
418 79 1447
484 58 1295
382 69 1536
419 57 1428
406 51 1457
390 52 1508
331 56 1622
422 35 1413
294 33 1694
483 19 1276
211 25 1707
362 7 1547
387 0 1495
399 -7 1459
133 -9 1927
432 -13 1377
389 -14 1477
355 -15 1552
115 -19 1957
58 -20 2032
266 -25 1731
168 -28 1893
360 -30 1540
349 -31 1561
311 -32 1646
285 -33 1688
151 -38 1921
355 -38 1551
423 -41 1392
354 -46 1548
348 -46 1556
338 -47 1582
96 -59 1975
88 -60 2007
309 -57 1636
211 -62 1774
372 -59 1496
354 -61 1546
265 -68 1723
417 -69 1397
291 -83 1672
272 -85 1711
342 -85 1562
336 -86 1571
271 -93 1705
107 -109 1985
29 -114 2073
271 -102 1707
371 -96 1492
288 -107 1657
335 -109 1565
329 -118 1575
306 -121 1621
286 -131 1644
181 -146 1828
344 -130 1539
328 -133 1572
212 -151 1786
28 -174 2057
268 -151 1685
391 -135 1429
326 -148 1560
309 -151 1594
211 -168 1777
416 -143 1369
364 -153 1465
254 -179 1708
312 -172 1571
303 -176 1606
-45 -249 2171
213 -215 1797
-102 -267 2232
252 -211 1693
359 -191 1472
344 -195 1502
339 -197 1517
295 -208 1606
-78 -283 2184
402 -191 1370
286 -232 1601
56 -283 1953
341 -223 1492
303 -234 1565
280 -250 1613
127 -287 1853
386 -228 1385
181 -302 1830
36 -315 1914
376 -237 1399
200 -340 1842
130 -349 1887
252 -311 1641
158 -359 1890
37 -402 1962
279 -328 1563
17 -420 1956
45 -415 1888
196 -433 1885
257 -383 1567
128 -490 2000
471 -297 1167
136 -505 1980
153 -504 1941
429 -325 1229
255 -413 1560
260 -416 1543
357 -372 1355
283 -420 1501
270 -422 1510
247 -435 1556
66 -560 1965
-12 -602 2009
45 -592 1879
173 -590 1845
140 -606 1895
266 -490 1486
35 -617 1872
178 -604 1805
171 -619 1821
146 -629 1749
414 416 1486
353 434 1579
416 403 1492
343 417 1604
435 364 1456
400 371 1515
355 380 1587
320 387 1650
338 356 1620
314 349 1666
308 352 1676
299 343 1675
295 348 1697
295 339 1697
254 353 1766
350 312 1600
241 333 1801
289 308 1715
295 296 1696
241 305 1799
262 272 1759
262 255 1761
226 264 1824
260 227 1748
301 210 1686
260 209 1747
230 196 1786
168 199 1898
247 169 1779
224 171 1810
247 142 1778
106 29 1966
175 18 1863
58 10 2029
142 0 1922
49 -10 2053
58 -20 2032
58 -40 2026
97 -69 1981
68 -70 2020
18 -103 2075
-34 -203 2136
58 -201 2014
-34 -247 2149
-34 -290 2148
-45 -291 2157
-114 -314 2244
-90 -321 2214
-67 -338 2183
-162 -365 2287
-163 -426 2305
-138 -453 2267
-259 -502 2451
283 -330 1538
273 -346 1574
-293 -642 2423
164 -618 1847
438 -131 1314
-171 -869 2415
477 188 1348
524 122 1222
528 98 1231
484 105 1313
501 89 1272
503 82 1276
492 76 1282
481 58 1304
500 44 1269
478 12 1296
498 -42 1219
492 -42 1219
494 -55 1224
469 -69 1255
497 -72 1201
475 -92 1239
462 -95 1270
485 -96 1201
463 -101 1273
498 -101 1190
466 -113 1263
461 -132 1266
501 -136 1183
478 -145 1214
484 -155 1199
483 -167 1196
466 -178 1231
450 -184 1271
450 -206 1254
484 -201 1183
463 -220 1223
459 -221 1229
476 -226 1193
448 -246 1232
474 -237 1160
465 -245 1197
463 -247 1207
457 -251 1224
453 -251 1227
448 -252 1231
476 -247 1179
487 -258 1150
465 -277 1180
439 -287 1224
489 -273 1141
466 -284 1184
438 -293 1222
452 -296 1210
437 -302 1235
464 -294 1179
467 -298 1172
463 -299 1175
441 -309 1213
437 -310 1219
462 -305 1174
483 -315 1126
442 -336 1200
476 -324 1138
454 -351 1153
461 -359 1142
474 -364 1120
462 -371 1144
472 -429 1115
355 451 1585
325 465 1635
365 437 1562
381 421 1531
369 424 1545
347 435 1584
324 443 1672
453 369 1420
376 393 1542
361 402 1579
465 329 1371
338 389 1621
434 341 1454
325 384 1634
337 347 1616
465 288 1374
498 266 1297
480 278 1358
413 303 1481
332 334 1629
475 231 1363
430 244 1439
461 227 1381
438 237 1442
496 203 1310
475 208 1342
491 192 1330
474 197 1360
432 188 1447
508 157 1258
500 162 1303
481 167 1340
450 166 1391
430 172 1440
366 172 1568
471 135 1352
472 126 1335
458 130 1374
434 135 1427
463 123 1368
448 126 1404
420 130 1454
381 130 1532
326 139 1640
411 117 1473
406 118 1484
465 101 1352
478 78 1315
418 86 1448
480 71 1303
409 80 1466
404 81 1477
386 83 1523
486 65 1300
448 69 1383
481 58 1304
458 60 1353
454 61 1360
439 62 1398
469 46 1326
457 47 1349
424 49 1421
418 50 1447
385 53 1518
336 56 1607
323 56 1628
416 43 1440
334 48 1601
520 30 1214
497 31 1261
471 32 1314
408 36 1462
335 40 1607
317 40 1637
460 26 1340
455 26 1342
393 29 1491
330 24 1618
450 13 1349
441 13 1382
417 14 1420
346 15 1581
335 16 1606
425 7 1400
386 7 1493
382 7 1505
340 7 1589
439 0 1378
431 0 1397
395 0 1471
372 0 1527
450 -6 1347
479 -12 1265
438 -13 1374
429 -13 1389
408 -14 1438
370 -15 1517
339 -15 1585
475 -19 1288
422 -20 1390
416 -21 1416
438 -27 1354
436 -27 1369
431 -27 1375
338 -31 1583
394 -36 1468
384 -37 1485
375 -37 1509
360 -38 1539
339 -39 1585
333 -39 1595
321 -48 1617
315 -48 1627
343 -54 1567
458 -52 1312
430 -54 1371
414 -56 1409
405 -57 1428
389 -58 1474
450 -66 1329
424 -68 1373
404 -71 1424
379 -74 1493
357 -76 1529
347 -77 1551
331 -79 1587
325 -79 1597
429 -75 1366
417 -76 1396
398 -78 1430
397 -79 1451
372 -82 1495
342 -85 1562
319 -88 1606
452 -78 1314
377 -89 1484
367 -90 1506
330 -94 1581
455 -84 1306
441 -87 1342
319 -104 1603
312 -104 1610
335 -109 1565
329 -118 1575
421 -109 1363
344 -123 1537
309 -127 1597
344 -130 1539
311 -136 1607
422 -122 1366
391 -128 1428
387 -129 1440
373 -132 1471
422 -129 1367
410 -130 1374
365 -139 1466
362 -141 1486
407 -138 1387
394 -141 1415
419 -142 1356
403 -146 1395
330 -162 1546
414 -149 1363
379 -158 1438
330 -169 1543
359 -169 1471
356 -171 1491
319 -180 1566
397 -167 1399
383 -170 1424
324 -186 1554
308 -190 1590
413 -169 1359
382 -177 1421
359 -183 1471
339 -197 1517
318 -202 1559
436 -176 1306
399 -186 1382
392 -186 1383
367 -195 1446
385 -196 1405
342 -216 1495
341 -223 1492
335 -224 1499
325 -228 1523
320 -230 1535
409 -208 1347
351 -227 1469
354 -232 1452
335 -239 1498
314 -246 1542
334 -246 1492
330 -249 1510
324 -249 1514
308 -256 1552
319 -259 1526
363 -250 1432
338 -258 1477
328 -262 1499
419 -236 1314
406 -240 1337
365 -253 1409
384 -254 1377
332 -274 1484
312 -283 1529
359 -268 1415
355 -278 1427
352 -281 1443
330 -287 1476
326 -290 1489
319 -291 1493
304 -298 1531
335 -292 1463
330 -302 1474
313 -307 1501
308 -309 1510
394 -281 1342
309 -318 1516
295 -320 1524
388 -295 1344
370 -302 1375
359 -326 1389
353 -327 1392
349 -329 1404
331 -339 1446
366 -326 1361
385 -326 1334
297 -365 1493
368 -342 1344
351 -353 1385
302 -378 1483
347 -369 1395
301 -391 1477
288 -408 1484
366 -374 1335
347 -382 1367
423 -350 1231
377 -371 1304
318 -405 1422
309 -411 1444
302 -412 1446
365 -386 1333
350 -392 1353
332 -403 1389
308 -418 1442
349 -404 1349
321 -420 1402
284 -440 1467
329 -420 1377
293 -438 1438
408 -384 1241
393 -388 1253
431 -378 1203
360 -413 1314
462 -362 1131
351 -426 1332
421 -398 1207
422 -400 1194
310 -471 1387
361 -447 1297
461 -411 1128
360 449 1575
454 392 1402
365 437 1562
423 388 1465
444 373 1437
381 391 1533
361 402 1579
365 374 1560
434 341 1454
325 384 1634
320 387 1650
320 380 1653
312 372 1654
363 341 1586
350 344 1601
314 349 1666
338 331 1618
295 348 1697
350 320 1601
431 271 1468
392 280 1514
378 287 1551
384 270 1543
307 284 1672
314 274 1666
267 286 1738
366 203 1568
372 194 1557
339 202 1623
374 187 1565
337 193 1613
332 187 1629
350 176 1602
230 196 1786
324 171 1633
326 139 1640
325 130 1635
365 117 1563
293 117 1684
360 102 1574
279 110 1704
355 95 1585
179 34 1721
170 34 1726
335 24 1606
114 29 1940
317 8 1635
297 0 1661
284 -16 1682
297 -49 1660
199 -64 1829
189 -63 1817
157 -74 1873
199 -82 1828
156 -93 1861
130 -170 1898
277 -447 1468
247 -460 1510
181 -576 1830
81 -582 1850
285 -495 1435
250 -510 1480
264 -554 1439
-194 -707 2398
386 434 1523
366 391 1566
361 386 1577
312 405 1655
365 374 1560
325 384 1634
282 387 1723
261 385 1753
421 299 1459
338 331 1618
247 347 1782
308 301 1674
383 249 1510
225 300 1819
287 263 1702
431 209 1444
248 258 1784
339 202 1623
323 208 1668
260 218 1748
330 199 1661
328 181 1649
396 135 1500
289 128 1715
419 101 1452
354 110 1583
279 110 1704
358 93 1566
285 92 1689
429 70 1411
376 69 1544
210 67 1699
300 50 1676
328 40 1608
455 26 1342
381 22 1502
368 23 1540
380 14 1499
443 6 1347
390 0 1478
235 0 1760
209 0 1762
361 -7 1543
220 -8 1779
490 -12 1228
398 -14 1453
285 -33 1688
384 -37 1485
258 -43 1737
354 -46 1548
348 -46 1556
332 -47 1589
391 -50 1454
378 -52 1489
320 -56 1608
203 -62 1784
258 -69 1732
296 -74 1655
417 -69 1397
371 -74 1492
315 -81 1624
294 -90 1647
283 -92 1675
476 -74 1242
344 -92 1539
390 -94 1450
341 -101 1560
311 -112 1607
485 -90 1201
411 -103 1376
359 -112 1502
306 -121 1621
411 -110 1375
344 -123 1537
400 -119 1411
386 -121 1435
287 -140 1649
275 -142 1679
248 -146 1726
433 -120 1336
206 -162 1807
394 -141 1415
380 -144 1441
410 -151 1373
345 -165 1506
505 -135 1177
259 -194 1687
404 -172 1376
390 -175 1401
301 -199 1596
328 -199 1534
382 -191 1420
205 -243 1803
257 -234 1672
479 -180 1201
399 -203 1358
320 -230 1535
391 -227 1378
279 -264 1603
368 -241 1422
407 -234 1339
353 -253 1448
300 -271 1549
414 -237 1318
389 -247 1372
315 -279 1510
368 -272 1394
319 -291 1493
269 -311 1597
279 -320 1561
300 -317 1511
353 -305 1419
396 -291 1325
383 -297 1351
394 -296 1318
270 -350 1556
259 -355 1580
247 -361 1606
380 -315 1340
379 -327 1336
358 -338 1382
352 -347 1389
343 -352 1409
237 -398 1593
304 -379 1458
362 -357 1349
305 -387 1462
254 -426 1550
466 -323 1154
326 -391 1397
317 -396 1416
451 -335 1176
385 -374 1289
356 -391 1349
371 -399 1309
381 -395 1274
401 -427 1220
420 -433 1170
469 -425 1120
347 435 1584
288 436 1709
336 402 1610
440 320 1424
383 346 1541
321 356 1656
268 375 1746
320 346 1650
273 361 1721
412 280 1478
345 306 1613
333 278 1636
413 244 1480
254 291 1766
224 271 1808
275 251 1734
224 235 1812
210 240 1848
414 185 1485
407 185 1486
404 188 1504
360 196 1574
260 218 1748
411 176 1473
241 216 1800
436 165 1435
296 195 1703
444 148 1415
337 161 1615
223 180 1804
361 149 1578
240 161 1797
390 128 1507
142 153 1924
411 103 1474
459 88 1355
331 97 1625
404 81 1477
343 88 1603
285 92 1689
433 70 1401
336 80 1609
326 81 1638
370 54 1551
432 41 1398
385 37 1516
455 26 1342
372 30 1528
416 21 1416
316 24 1632
501 12 1225
459 13 1334
317 16 1635
69 20 2029
304 8 1656
400 0 1461
297 0 1661
428 -6 1387
380 -7 1499
345 -7 1579
365 -15 1530
397 -21 1450
284 -25 1685
278 -25 1697
427 -27 1382
309 -40 1638
277 -42 1689
434 -40 1362
272 -51 1715
49 -61 2049
419 -49 1404
399 -50 1430
303 -57 1650
297 -58 1661
264 -60 1716
-2 -74 2125
441 -53 1342
357 -61 1527
342 -62 1566
327 -64 1604
376 -66 1481
-2 -96 2135
163 -91 1835
448 -72 1321
433 -74 1359
385 -80 1461
377 -81 1485
414 -90 1386
394 -93 1440
356 -98 1522
-12 -139 2140
282 -116 1669
235 -122 1754
475 -92 1239
349 -114 1527
430 -107 1348
369 -118 1484
287 -140 1649
18 -176 2071
367 -132 1474
360 -133 1478
-34 -195 2173
298 -154 1622
435 -132 1325
410 -137 1373
361 -148 1481
347 -151 1515
336 -153 1536
325 -155 1557
430 -139 1329
345 -158 1510
278 -173 1648
223 -181 1729
414 -149 1363
392 -154 1406
345 -165 1506
339 -166 1515
188 -199 1814
265 -192 1672
284 -195 1632
416 -168 1347
277 -205 1640
447 -166 1282
430 -169 1307
407 -176 1361
333 -197 1522
301 -207 1594
373 -194 1442
299 -229 1584
335 -224 1499
325 -228 1523
313 -230 1537
128 -279 1863
481 -190 1192
340 -237 1486
324 -249 1514
295 -258 1566
284 -262 1591
312 -260 1531
316 -264 1512
497 -208 1160
444 -225 1255
278 -287 1599
263 -297 1609
352 -274 1446
207 -354 1819
399 -267 1337
264 -323 1615
308 -309 1510
322 -323 1470
203 -419 1864
368 -315 1371
393 -315 1314
418 -319 1253
161 -500 1924
241 -416 1570
452 -329 1177
167 -527 1884
337 -393 1381
332 -396 1392
262 -436 1506
197 -542 1809
473 -345 1115
260 -478 1495
313 -454 1397
268 -474 1461
456 -377 1144
194 -598 1785
320 -472 1369
419 413 1478
380 427 1528
368 431 1541
361 418 1578
389 390 1532
314 416 1664
294 423 1692
312 396 1651
325 384 1634
294 380 1693
331 357 1624
342 344 1601
307 292 1672
368 244 1576
223 252 1802
313 157 1658
301 159 1681
184 177 1866
326 139 1640
306 116 1664
287 110 1699
331 97 1625
114 29 1940
157 -74 1873
115 -107 1958
114 -116 1934
28 -122 2046
18 -176 2071
140 -597 1897
163 -623 1834
176 -675 1778
501 12 1225
488 0 1256
473 -19 1318
492 -30 1233
469 -82 1271
482 -85 1223
473 -99 1249
497 -108 1201
479 -109 1217
451 -134 1276
480 -134 1219
485 -136 1186
483 -143 1195
484 -148 1185
479 -162 1202
456 -169 1254
483 -165 1181
487 -180 1163
466 -183 1182
455 -203 1235
487 -200 1176
476 -202 1193
447 -211 1246
454 -215 1233
444 -225 1255
493 -212 1150
485 -217 1173
468 -232 1190
476 -241 1179
457 -271 1208
448 -273 1216
454 -281 1199
443 -286 1219
446 -308 1209
445 -321 1191
463 -327 1148
470 -365 1123
465 -371 1125
452 -390 1147
432 -404 1172
471 -389 1111
451 -406 1146
446 -413 1118
477 -421 1125
441 -431 1150
446 -430 1132
432 -439 1157
431 -450 1154
468 393 1381
385 418 1549
326 409 1638
436 344 1434
419 319 1451
342 344 1601
401 298 1493
398 294 1508
399 287 1513
391 272 1511
380 251 1526
358 227 1567
391 215 1539
344 209 1609
442 175 1407
341 191 1596
337 193 1613
335 184 1604
363 174 1587
342 175 1598
324 171 1633
410 146 1469
394 149 1496
349 159 1597
345 161 1616
322 154 1621
387 134 1497
380 137 1527
395 127 1498
379 121 1523
427 100 1429
502 73 1228
451 82 1371
350 86 1566
407 72 1459
426 56 1404
419 57 1428
406 58 1455
394 59 1495
493 42 1206
406 51 1457
397 51 1478
392 52 1487
469 39 1308
454 33 1340
448 27 1361
321 32 1617
390 22 1479
492 12 1249
424 13 1396
410 14 1446
385 14 1488
422 7 1413
402 7 1442
394 7 1464
459 0 1315
419 0 1402
403 0 1445
439 -13 1357
378 -14 1491
365 -15 1530
427 -27 1382
423 -27 1392
409 -28 1415
401 -28 1438
389 -29 1473
372 -29 1494
364 -30 1525
495 -30 1225
364 -38 1524
437 -40 1350
425 -41 1378
332 -47 1589
391 -50 1454
451 -53 1332
400 -57 1434
479 -54 1217
447 -59 1321
399 -64 1430
453 -64 1298
393 -71 1437
319 -80 1607
469 -69 1271
448 -72 1321
407 -77 1409
402 -77 1416
365 -82 1497
476 -74 1242
444 -79 1330
344 -92 1539
459 -83 1280
422 -88 1368
398 -92 1426
374 -95 1475
445 -92 1314
381 -101 1445
403 -104 1396
381 -108 1445
411 -110 1375
403 -111 1395
358 -119 1498
338 -123 1544
427 -113 1340
377 -123 1458
362 -126 1485
443 -117 1309
438 -118 1312
360 -133 1478
424 -128 1352
335 -145 1531
329 -146 1539
326 -148 1560
459 -126 1263
418 -135 1354
375 -144 1449
345 -158 1510
429 -145 1324
355 -163 1489
481 -138 1206
442 -147 1285
434 -149 1302
378 -164 1433
485 -142 1187
435 -156 1303
328 -184 1536
313 -188 1574
416 -168 1347
408 -170 1364
404 -172 1376
366 -180 1443
384 -182 1403
402 -184 1369
433 -181 1298
392 -193 1381
345 -206 1475
315 -216 1548
392 -200 1381
387 -201 1387
335 -217 1497
424 -196 1309
310 -233 1559
421 -204 1321
395 -211 1366
386 -214 1386
309 -240 1554
423 -208 1306
318 -243 1522
404 -219 1331
397 -223 1352
357 -236 1435
338 -244 1480
447 -211 1246
418 -229 1310
410 -232 1328
407 -234 1339
399 -233 1336
447 -224 1246
444 -225 1255
361 -255 1421
351 -259 1439
392 -250 1356
362 -263 1426
331 -280 1477
324 -281 1480
309 -288 1517
300 -294 1548
297 -298 1532
425 -254 1274
377 -275 1376
358 -282 1411
308 -302 1512
303 -304 1523
437 -256 1253
362 -286 1398
333 -298 1457
409 -273 1303
362 -294 1400
404 -281 1310
337 -310 1442
341 -314 1429
350 -316 1407
309 -340 1481
402 -307 1282
375 -322 1345
358 -332 1385
318 -349 1454
390 -319 1304
312 -358 1461
310 -363 1452
306 -366 1467
290 -374 1498
381 -336 1319
331 -360 1414
321 -365 1434
333 -363 1397
319 -371 1427
377 -346 1306
384 -359 1308
379 -360 1312
309 -397 1445
404 -362 1249
386 -368 1271
379 -373 1289
364 -391 1305
357 -398 1328
334 -411 1371
373 -400 1291
347 -415 1341
322 -427 1378
315 -436 1409
416 -381 1211
404 -387 1228
363 -410 1303
464 -364 1122
445 -376 1159
381 -408 1255
368 -421 1297
376 -422 1280
367 -419 1272
347 -434 1316
335 -444 1348
330 -446 1353
459 -380 1136
405 -406 1212
324 -454 1358
363 -441 1280
338 -459 1331
324 -468 1357
454 -404 1139
438 -405 1142
403 -435 1227
410 -441 1193
423 -436 1164
401 -450 1201
395 -463 1203
421 -458 1174
380 427 1528
368 431 1541
369 424 1545
390 415 1538
454 366 1381
444 354 1416
424 346 1444
456 324 1409
444 309 1438
434 305 1454
413 305 1456
442 293 1433
421 299 1459
408 305 1492
402 291 1496
403 285 1501
407 274 1485
426 265 1475
410 269 1499
403 262 1498
373 244 1529
387 236 1526
379 236 1524
374 237 1533
380 229 1529
364 233 1557
358 227 1567
395 213 1525
374 203 1565
361 189 1576
353 189 1579
346 189 1582
363 182 1587
329 177 1617
330 170 1619
357 151 1598
390 128 1507
277 127 1694
368 108 1543
363 101 1554
350 86 1566
340 63 1589
321 32 1617
211 25 1707
231 17 1731
203 8 1783
212 -26 1782
170 -36 1818
211 -44 1777
172 -45 1835
212 -53 1786
187 -72 1803
180 -73 1826
120 -112 1880
112 -123 1902
155 -129 1850
247 -171 1717
223 -172 1728
254 -179 1708
94 -201 1919
246 -205 1712
66 -274 1960
207 -287 1744
112 -353 1910
199 -466 1829
172 -533 1838
272 -436 1479
285 -474 1437
338 -459 1331
340 -460 1315
315 -472 1350
295 -510 1379
304 -522 1357
-214 -946 2490
