233 -121 1515
224 -120 1508
216 -120 1506
209 -120 1505
201 -120 1506
194 -120 1507
186 -120 1501
178 -120 1502
172 -120 1508
164 -120 1509
156 -120 1507
149 -120 1508
141 -120 1506
133 -120 1501
126 -120 1502
119 -120 1509
111 -120 1509
104 -120 1510
96 -120 1511
89 -120 1512
81 -121 1512
28 -120 1504
241 -129 1519
231 -127 1504
223 -127 1500
215 -127 1496
208 -127 1496
199 -126 1492
192 -126 1490
184 -126 1486
176 -126 1486
169 -126 1487
162 -126 1488
154 -126 1489
147 -126 1490
140 -126 1491
132 -126 1485
124 -126 1486
42 -125 1477
35 -125 1476
28 -125 1477
20 -125 1477
13 -125 1477
5 -125 1475
-1 -125 1475
-8 -125 1475
-16 -125 1475
-23 -125 1471
-30 -125 1471
-38 -125 1475
-45 -125 1476
-53 -126 1487
241 -136 1518
231 -135 1503
223 -134 1496
215 -134 1493
207 -134 1492
199 -134 1489
191 -133 1487
184 -133 1486
176 -133 1485
169 -133 1483
161 -133 1484
154 -133 1484
147 -133 1487
139 -133 1483
132 -133 1483
124 -133 1481
116 -132 1476
109 -132 1477
101 -132 1476
94 -132 1477
87 -132 1474
79 -132 1474
72 -132 1474
64 -132 1472
57 -132 1471
50 -132 1471
42 -132 1467
35 -132 1467
27 -131 1464
20 -131 1464
13 -131 1463
5 -131 1459
-1 -131 1459
-8 -131 1460
-16 -131 1460
-23 -131 1456
-30 -131 1456
-37 -131 1459
-45 -131 1461
-53 -132 1474
-60 -133 1486
242 -144 1524
231 -142 1504
223 -142 1497
215 -141 1494
207 -141 1492
199 -141 1490
191 -141 1486
184 -141 1485
176 -141 1485
169 -141 1484
161 -141 1484
154 -140 1482
146 -140 1481
139 -140 1482
131 -140 1480
124 -140 1478
116 -140 1475
109 -140 1475
101 -140 1475
94 -139 1472
86 -139 1472
79 -139 1472
72 -139 1471
64 -139 1470
57 -139 1464
49 -139 1464
42 -139 1463
35 -139 1463
27 -138 1460
-45 -138 1453
-52 -138 1460
-60 -140 1477
242 -152 1523
232 -150 1507
223 -149 1497
215 -149 1495
207 -149 1493
200 -149 1493
192 -148 1489
184 -148 1487
176 -148 1486
169 -148 1486
161 -148 1485
154 -148 1485
147 -148 1485
139 -148 1481
131 -148 1482
124 -148 1480
116 -147 1477
109 -147 1478
101 -147 1475
94 -147 1475
86 -147 1473
79 -147 1472
72 -147 1472
64 -147 1471
57 -146 1465
49 -146 1463
42 -146 1462
35 -146 1460
27 -145 1459
-52 -145 1458
-60 -147 1476
242 -159 1523
231 -158 1506
223 -157 1498
215 -157 1496
207 -157 1495
200 -156 1493
192 -156 1493
184 -156 1488
177 -156 1488
169 -156 1486
162 -156 1486
154 -155 1485
147 -156 1485
139 -155 1482
131 -155 1481
124 -155 1482
116 -155 1477
109 -155 1477
101 -154 1474
94 -154 1474
86 -154 1472
79 -154 1472
72 -154 1471
64 -154 1470
57 -153 1465
49 -153 1464
42 -153 1464
35 -153 1460
162 -163 1488
154 -163 1486
147 -163 1485
139 -163 1485
132 -163 1484
124 -162 1481
117 -163 1481
109 -162 1476
101 -162 1474
94 -162 1472
86 -161 1472
79 -161 1472
72 -161 1472
64 -161 1469
57 -161 1468
49 -161 1464
42 -161 1463
35 -160 1461
20 -160 1459
-52 -160 1460
-60 -162 1476
242 -175 1524
232 -173 1511
223 -172 1500
215 -172 1497
207 -171 1495
200 -171 1494
192 -171 1494
185 -171 1494
177 -171 1488
169 -171 1488
162 -171 1489
154 -171 1488
147 -171 1489
139 -170 1485
132 -170 1484
124 -170 1483
117 -170 1481
109 -169 1476
101 -169 1475
94 -169 1473
86 -169 1473
79 -169 1472
72 -169 1471
64 -168 1469
57 -168 1468
49 -168 1468
42 -168 1463
35 -168 1463
27 -168 1463
20 -167 1460
13 -167 1460
-52 -167 1459
-60 -170 1478
242 -183 1525
232 -180 1507
224 -180 1505
215 -179 1499
208 -179 1499
200 -179 1497
192 -179 1494
185 -179 1494
177 -178 1489
169 -178 1490
162 -178 1489
154 -178 1489
147 -178 1489
139 -178 1488
132 -178 1486
124 -178 1483
117 -177 1482
109 -177 1478
101 -177 1477
94 -177 1475
86 -176 1472
79 -176 1473
72 -176 1473
64 -176 1471
57 -176 1469
49 -176 1467
42 -175 1466
35 -175 1463
27 -175 1463
20 -175 1460
13 -175 1460
5 -174 1458
-52 -175 1460
-60 -177 1480
242 -190 1525
232 -188 1511
224 -188 1504
215 -187 1499
208 -187 1499
200 -187 1498
193 -187 1498
185 -186 1494
177 -186 1493
170 -186 1491
162 -186 1490
154 -186 1489
147 -186 1490
139 -186 1488
132 -185 1486
124 -185 1484
116 -185 1480
109 -185 1480
102 -184 1478
94 -184 1477
87 -184 1475
79 -184 1473
72 -184 1473
64 -183 1471
57 -183 1470
49 -183 1468
42 -183 1465
35 -183 1465
27 -183 1464
20 -182 1463
13 -182 1459
-52 -183 1464
-60 -185 1481
232 -196 1510
224 -195 1503
215 -194 1498
208 -194 1498
200 -194 1498
193 -194 1499
185 -194 1495
177 -193 1491
170 -193 1491
162 -193 1490
155 -193 1491
147 -193 1489
140 -193 1489
132 -193 1486
124 -193 1485
42 -190 1469
35 -190 1466
27 -190 1464
20 -190 1464
13 -190 1462
5 -189 1458
-52 -190 1463
-60 -192 1481
232 -203 1509
224 -203 1508
216 -202 1501
208 -202 1499
200 -202 1498
193 -202 1498
185 -201 1494
177 -201 1493
170 -201 1491
162 -201 1491
155 -201 1491
147 -201 1491
139 -201 1489
132 -200 1486
124 -200 1486
117 -200 1482
109 -200 1482
102 -199 1479
94 -199 1479
87 -199 1478
79 -199 1477
72 -199 1474
64 -198 1473
57 -198 1473
49 -198 1470
42 -198 1468
35 -198 1469
27 -198 1468
20 -197 1465
13 -197 1463
5 -197 1461
-1 -196 1458
-8 -196 1457
-52 -198 1466
-60 -200 1487
232 -211 1511
224 -211 1507
216 -210 1500
208 -210 1501
200 -209 1499
193 -210 1500
185 -209 1497
177 -208 1491
169 -208 1490
162 -208 1491
155 -208 1491
147 -208 1492
140 -208 1491
132 -208 1488
124 -208 1487
117 -208 1485
109 -207 1481
102 -207 1481
94 -207 1479
87 -207 1478
79 -207 1479
72 -206 1476
64 -206 1473
57 -206 1472
50 -206 1472
42 -206 1473
35 -205 1470
27 -205 1469
20 -205 1467
13 -204 1464
5 -204 1462
-1 -204 1460
-8 -204 1457
-16 -203 1456
-45 -203 1456
-52 -205 1468
-60 -208 1486
232 -219 1510
224 -218 1507
216 -217 1500
208 -217 1500
201 -217 1501
193 -217 1499
185 -217 1496
177 -216 1491
170 -216 1492
162 -216 1492
155 -216 1491
147 -216 1492
140 -216 1489
132 -215 1489
124 -215 1486
117 -215 1486
109 -215 1483
102 -214 1480
94 -214 1481
87 -214 1481
79 -214 1478
72 -214 1478
64 -214 1476
57 -213 1472
50 -213 1472
42 -213 1472
35 -213 1469
27 -213 1469
20 -212 1467
13 -212 1463
5 -212 1463
-1 -211 1461
-8 -211 1460
-37 -210 1454
-45 -211 1458
-52 -212 1467
-60 -215 1485
232 -226 1510
224 -225 1506
215 -224 1498
208 -224 1499
201 -225 1500
193 -224 1498
185 -224 1498
177 -223 1492
170 -223 1493
162 -224 1493
155 -223 1493
147 -223 1493
139 -223 1489
132 -223 1489
124 -223 1487
117 -222 1485
109 -222 1482
102 -222 1482
94 -221 1479
87 -222 1480
79 -222 1480
72 -221 1478
65 -221 1478
57 -221 1475
50 -220 1472
42 -220 1472
35 -220 1472
27 -220 1468
20 -220 1467
13 -219 1465
5 -219 1462
162 -231 1493
155 -231 1493
147 -231 1493
140 -231 1493
132 -230 1488
125 -230 1488
117 -230 1484
109 -229 1483
102 -229 1481
94 -229 1482
87 -229 1482
79 -229 1479
72 -228 1477
64 -228 1476
57 -228 1474
50 -228 1473
42 -228 1473
35 -228 1471
27 -227 1466
20 -227 1466
13 -227 1465
5 -226 1464
-1 -226 1461
-8 -226 1460
-16 -225 1457
-37 -225 1455
-45 -225 1456
-52 -227 1464
-60 -229 1482
232 -241 1510
224 -241 1507
216 -240 1504
208 -240 1500
201 -240 1500
193 -239 1497
185 -239 1498
178 -239 1497
170 -238 1492
162 -239 1493
155 -238 1492
147 -238 1493
140 -238 1493
132 -238 1493
125 -238 1489
117 -238 1487
109 -237 1483
102 -237 1482
94 -237 1481
87 -237 1481
79 -236 1479
72 -236 1477
64 -236 1476
57 -236 1475
50 -236 1475
42 -235 1473
35 -235 1470
27 -235 1468
20 -235 1468
13 -234 1466
5 -234 1463
-1 -234 1462
-8 -233 1460
-16 -233 1458
-23 -233 1458
-30 -232 1455
-37 -232 1455
-45 -234 1462
-52 -235 1469
-61 -238 1488
233 -249 1513
224 -248 1507
216 -248 1504
209 -248 1503
201 -247 1502
193 -247 1500
185 -247 1499
178 -247 1498
170 -247 1497
162 -246 1495
155 -246 1493
148 -246 1494
140 -246 1494
133 -246 1495
125 -245 1489
117 -245 1487
110 -245 1487
102 -244 1482
94 -244 1483
87 -244 1480
79 -244 1481
72 -244 1480
64 -243 1476
57 -243 1476
50 -243 1475
42 -243 1474
35 -243 1472
27 -242 1471
20 -242 1470
13 -242 1467
5 -241 1465
-1 -241 1462
-8 -241 1462
-16 -241 1461
-23 -240 1460
-30 -240 1457
-37 -240 1459
-45 -241 1461
-52 -242 1469
-61 -245 1490
233 -258 1517
224 -256 1506
216 -255 1504
208 -255 1503
201 -255 1501
193 -255 1500
185 -254 1498
178 -254 1498
170 -254 1496
163 -254 1496
155 -254 1494
147 -254 1494
140 -253 1493
132 -253 1491
125 -253 1491
117 -253 1489
110 -253 1489
102 -252 1487
94 -252 1483
87 -252 1484
80 -252 1484
72 -251 1480
65 -251 1481
57 -250 1475
50 -250 1475
42 -250 1475
35 -250 1474
27 -250 1472
20 -250 1472
13 -250 1471
5 -249 1466
-1 -249 1464
-8 -248 1464
-16 -248 1460
-23 -248 1460
-30 -248 1460
-37 -248 1461
-45 -248 1463
-52 -249 1470
-60 -252 1485
233 -265 1517
224 -264 1509
216 -263 1503
208 -263 1503
201 -262 1502
193 -262 1499
185 -262 1498
178 -262 1497
170 -262 1497
163 -261 1495
155 -261 1496
148 -261 1495
140 -261 1494
132 -261 1493
125 -260 1490
42 -258 1474
35 -257 1472
27 -257 1472
20 -257 1473
13 -257 1471
5 -257 1470
-1 -256 1465
-8 -256 1465
-16 -256 1463
-23 -255 1460
-30 -255 1459
-37 -255 1460
-45 -255 1462
-52 -257 1471
-60 -259 1484
233 -273 1518
224 -271 1508
216 -271 1505
209 -270 1503
201 -270 1502
193 -270 1503
185 -269 1497
178 -269 1498
170 -269 1496
163 -269 1497
155 -269 1497
148 -269 1496
140 -269 1495
132 -268 1493
125 -268 1493
117 -268 1489
110 -267 1488
102 -267 1487
95 -267 1488
87 -268 1489
80 -268 1489
73 -268 1490
65 -268 1489
58 -268 1488
50 -266 1481
42 -266 1478
35 -265 1474
28 -265 1475
20 -265 1474
13 -265 1472
5 -264 1470
-1 -264 1468
-8 -263 1464
-16 -263 1464
-23 -263 1461
-30 -262 1460
-37 -262 1460
-45 -263 1461
-52 -264 1471
-60 -267 1483
234 -281 1521
224 -278 1507
216 -278 1504
208 -277 1502
201 -278 1502
193 -277 1502
186 -277 1501
178 -277 1498
170 -277 1497
163 -276 1496
155 -276 1496
148 -277 1497
140 -276 1496
132 -276 1493
125 -276 1492
117 -276 1492
110 -275 1487
102 -275 1487
95 -276 1491
88 -276 1493
80 -276 1492
73 -276 1494
65 -276 1492
58 -275 1490
50 -275 1487
42 -273 1479
35 -272 1475
28 -272 1474
20 -272 1474
13 -272 1473
5 -271 1469
-1 -271 1468
-8 -271 1466
-16 -270 1464
-23 -270 1463
-30 -270 1463
-37 -270 1460
-45 -270 1464
-53 -272 1472
-60 -275 1486
234 -289 1522
225 -287 1511
216 -285 1504
208 -285 1502
201 -285 1502
193 -285 1502
186 -285 1502
178 -285 1500
170 -284 1498
163 -284 1499
155 -284 1498
148 -284 1499
140 -284 1496
133 -284 1495
125 -283 1492
117 -283 1491
110 -283 1491
102 -283 1492
95 -283 1494
88 -283 1493
80 -283 1493
73 -283 1493
65 -283 1493
58 -283 1493
50 -282 1488
43 -282 1486
35 -280 1478
28 -280 1476
20 -280 1474
13 -279 1472
5 -279 1470
-1 -278 1468
-8 -278 1466
-16 -278 1465
-23 -277 1462
-30 -277 1462
-37 -277 1460
-45 -278 1463
-53 -279 1472
-60 -282 1485
234 -296 1522
224 -294 1509
216 -293 1506
208 -293 1502
201 -292 1502
193 -292 1502
186 -292 1502
178 -292 1500
171 -292 1501
163 -292 1502
155 -292 1499
148 -292 1498
140 -292 1498
133 -292 1497
125 -290 1491
117 -290 1491
110 -290 1491
103 -291 1493
95 -291 1494
88 -291 1494
80 -291 1494
73 -291 1492
65 -291 1493
58 -290 1492
50 -290 1489
43 -289 1486
35 -288 1479
28 -288 1477
20 -287 1473
13 -287 1472
5 -286 1469
163 -300 1501
156 -300 1502
148 -299 1499
140 -299 1499
133 -299 1499
125 -299 1495
117 -298 1493
110 -298 1491
103 -298 1494
95 -299 1495
88 -299 1495
80 -298 1494
73 -298 1494
65 -298 1493
58 -298 1490
50 -298 1490
43 -297 1486
35 -296 1481
28 -295 1479
20 -295 1476
13 -294 1471
5 -294 1470
-1 -293 1468
-8 -293 1466
-16 -293 1465
-23 -293 1465
-30 -292 1463
-38 -292 1464
-45 -293 1467
-52 -294 1471
-61 -297 1488
233 -311 1518
224 -309 1509
216 -308 1505
209 -308 1504
201 -308 1503
193 -307 1501
186 -307 1501
178 -307 1500
171 -307 1501
163 -308 1502
156 -308 1503
148 -307 1502
141 -308 1503
133 -308 1503
126 -307 1500
118 -306 1494
110 -306 1493
103 -306 1494
95 -306 1497
88 -306 1496
80 -306 1495
73 -305 1492
65 -305 1491
58 -305 1491
50 -305 1489
43 -304 1484
35 -303 1481
28 -303 1478
20 -303 1478
13 -302 1475
5 -301 1469
-1 -301 1468
-8 -300 1466
-16 -300 1464
-23 -300 1464
-30 -300 1465
-38 -300 1465
-45 -300 1467
-52 -301 1471
-60 -304 1487
233 -318 1517
224 -316 1509
216 -316 1506
209 -316 1506
201 -315 1504
193 -315 1502
186 -315 1500
178 -314 1499
171 -315 1502
163 -315 1500
156 -315 1502
148 -315 1502
141 -315 1502
133 -315 1501
125 -314 1498
118 -313 1494
110 -313 1493
102 -313 1492
95 -314 1495
88 -314 1495
80 -313 1494
73 -313 1493
65 -313 1491
58 -313 1490
50 -312 1488
43 -311 1482
35 -310 1480
28 -310 1479
20 -310 1479
13 -310 1477
5 -309 1473
-1 -308 1470
-8 -308 1469
-16 -308 1469
-23 -308 1468
-30 -308 1467
-38 -308 1466
-45 -308 1467
-53 -309 1473
-61 -313 1492
233 -326 1517
225 -325 1512
216 -323 1504
209 -323 1504
201 -323 1503
194 -323 1504
185 -322 1499
178 -322 1502
171 -323 1502
163 -323 1503
156 -323 1504
148 -322 1501
141 -322 1501
133 -322 1500
125 -322 1498
118 -321 1496
110 -320 1492
102 -320 1491
95 -320 1491
87 -320 1491
80 -320 1491
73 -320 1491
65 -320 1490
58 -320 1488
50 -319 1486
42 -318 1481
35 -318 1480
28 -318 1479
20 -317 1478
13 -317 1476
5 -317 1474
-1 -316 1472
-8 -316 1471
-16 -315 1469
-23 -315 1468
-30 -315 1468
-38 -315 1467
-45 -316 1470
-53 -316 1473
-61 -320 1492
234 -335 1523
225 -332 1511
216 -330 1504
209 -330 1503
201 -330 1502
193 -330 1503
185 -329 1499
178 -330 1500
171 -330 1501
163 -330 1502
156 -330 1503
148 -330 1503
141 -330 1500
133 -329 1498
125 -329 1497
42 -326 1481
35 -325 1480
28 -325 1480
20 -325 1479
13 -324 1475
5 -324 1474
-1 -324 1473
-8 -323 1470
-16 -323 1470
-23 -323 1469
-30 -323 1469
-38 -322 1467
-45 -323 1468
-53 -323 1472
-61 -328 1495
235 -343 1527
225 -339 1510
216 -338 1504
208 -337 1502
200 -337 1498
193 -337 1501
185 -337 1499
178 -337 1500
171 -337 1500
163 -337 1501
156 -337 1501
148 -337 1500
141 -337 1500
133 -336 1496
125 -336 1495
117 -335 1493
110 -336 1493
102 -335 1490
95 -335 1489
87 -334 1488
80 -334 1487
72 -334 1487
65 -334 1486
57 -333 1484
50 -333 1484
42 -333 1482
35 -333 1480
28 -332 1479
20 -332 1479
13 -332 1477
5 -331 1474
-1 -331 1474
-8 -331 1472
-16 -330 1469
-23 -330 1468
-30 -330 1467
-38 -330 1468
-45 -330 1470
-53 -331 1473
-61 -336 1493
235 -351 1526
224 -347 1508
216 -346 1504
208 -345 1502
201 -345 1501
193 -345 1501
185 -344 1499
178 -344 1499
170 -344 1499
163 -344 1499
155 -344 1499
148 -344 1499
140 -344 1499
133 -344 1499
125 -344 1495
118 -343 1494
110 -343 1492
103 -343 1492
95 -343 1492
88 -343 1493
80 -342 1491
72 -342 1488
65 -342 1486
57 -341 1485
50 -341 1483
42 -340 1482
35 -340 1479
28 -340 1479
20 -340 1478
13 -340 1478
5 -339 1476
-1 -339 1475
-8 -339 1475
-16 -338 1473
-23 -338 1471
-30 -337 1467
-38 -337 1467
-45 -338 1471
-52 -338 1471
-61 -342 1491
224 -354 1508
216 -353 1504
208 -352 1501
201 -352 1500
193 -352 1499
185 -352 1499
178 -352 1498
170 -352 1498
163 -351 1497
155 -352 1498
148 -351 1497
140 -351 1497
133 -351 1497
125 -351 1494
117 -350 1493
110 -350 1492
102 -350 1492
95 -350 1491
88 -350 1491
80 -350 1491
73 -350 1490
65 -349 1488
57 -348 1483
50 -348 1483
43 -348 1483
35 -348 1482
28 -347 1478
20 -347 1478
13 -347 1479
5 -347 1477
-1 -346 1476
-8 -346 1473
-16 -346 1472
-23 -345 1470
-30 -345 1470
-38 -345 1469
-45 -345 1470
-53 -347 1477
-61 -350 1489
224 -361 1507
216 -361 1504
208 -360 1503
201 -360 1503
193 -359 1499
185 -359 1498
178 -359 1498
170 -359 1499
163 -359 1497
155 -359 1496
148 -359 1497
140 -359 1496
133 -359 1497
125 -359 1496
118 -358 1494
110 -357 1491
102 -357 1491
95 -357 1491
87 -357 1490
80 -357 1491
73 -357 1491
65 -357 1488
57 -356 1484
50 -355 1483
42 -355 1482
35 -356 1483
28 -355 1481
20 -355 1481
13 -354 1477
5 -354 1477
163 -367 1500
155 -367 1498
148 -366 1496
140 -366 1497
133 -367 1498
125 -367 1498
118 -366 1494
110 -364 1489
102 -364 1489
95 -364 1489
87 -364 1489
80 -364 1489
73 -365 1489
65 -364 1487
57 -363 1483
50 -363 1482
43 -363 1483
35 -363 1482
28 -363 1481
20 -363 1482
13 -362 1479
5 -361 1475
-1 -361 1473
-8 -360 1473
-16 -360 1472
-23 -360 1469
-30 -359 1469
-38 -360 1470
-45 -361 1473
-53 -362 1479
-61 -365 1492
235 -382 1528
224 -376 1507
216 -376 1504
208 -375 1500
201 -375 1501
193 -374 1498
185 -374 1499
178 -374 1499
171 -375 1500
163 -375 1500
156 -375 1500
148 -374 1497
140 -374 1496
133 -374 1496
125 -374 1496
118 -373 1494
110 -372 1491
102 -372 1490
95 -372 1488
87 -372 1488
80 -372 1489
72 -372 1488
65 -372 1488
57 -371 1484
50 -370 1482
42 -370 1482
35 -370 1481
28 -370 1480
20 -370 1480
13 -369 1479
5 -368 1475
-1 -367 1471
-8 -367 1471
-16 -367 1471
-23 -368 1472
-30 -367 1469
-38 -367 1470
-45 -367 1471
-53 -368 1472
-61 -371 1487
669 -398 1561
235 -389 1527
224 -384 1506
216 -383 1502
208 -382 1499
200 -382 1499
193 -381 1497
185 -381 1497
178 -381 1497
170 -382 1498
163 -382 1499
155 -382 1499
148 -382 1499
140 -382 1499
133 -381 1494
125 -380 1493
117 -380 1492
110 -380 1490
102 -379 1489
95 -379 1488
87 -379 1489
80 -379 1489
72 -379 1488
65 -379 1487
57 -379 1487
50 -378 1484
43 -378 1484
35 -377 1481
28 -377 1480
20 -377 1480
13 -377 1478
5 -376 1474
-1 -375 1472
-8 -375 1472
-16 -375 1474
-23 -375 1474
-30 -375 1472
-38 -374 1470
-45 -374 1470
-53 -376 1476
-60 -379 1486
234 -396 1523
224 -391 1504
216 -390 1500
208 -389 1499
200 -389 1499
193 -389 1499
185 -389 1496
178 -389 1496
170 -389 1496
163 -389 1497
155 -389 1498
148 -389 1497
140 -389 1497
133 -388 1495
125 -388 1493
117 -388 1492
110 -388 1492
102 -387 1489
95 -387 1489
87 -386 1488
80 -386 1488
72 -386 1486
65 -386 1485
57 -386 1486
50 -386 1485
43 -385 1483
35 -385 1481
28 -384 1480
20 -384 1480
13 -384 1478
5 -383 1475
-1 -383 1473
-8 -383 1473
-16 -383 1473
-23 -382 1472
-30 -382 1470
-38 -382 1470
-45 -382 1469
-53 -383 1474
-60 -386 1484
234 -404 1525
224 -399 1508
216 -398 1502
208 -397 1498
200 -396 1498
193 -397 1498
185 -396 1496
178 -396 1496
170 -396 1494
163 -396 1495
155 -396 1495
148 -396 1495
140 -396 1495
133 -396 1496
125 -395 1493
43 -393 1485
35 -392 1481
28 -392 1481
20 -392 1480
13 -392 1480
5 -391 1475
-1 -390 1475
-8 -390 1473
-16 -390 1473
-23 -390 1471
-30 -389 1468
-38 -389 1468
-45 -389 1470
-53 -390 1474
-60 -393 1486
234 -411 1523
223 -405 1502
216 -405 1500
208 -404 1498
200 -404 1497
193 -404 1498
185 -404 1497
177 -403 1495
170 -403 1494
162 -403 1494
155 -402 1492
147 -403 1493
140 -403 1493
133 -403 1495
125 -403 1495
117 -402 1492
110 -402 1489
102 -402 1490
95 -402 1490
87 -402 1489
80 -401 1487
72 -401 1485
65 -401 1485
57 -400 1484
50 -400 1484
43 -400 1484
35 -400 1483
28 -399 1479
20 -399 1479
13 -399 1479
5 -398 1476
-1 -397 1473
-8 -397 1471
-16 -397 1471
-23 -397 1471
-30 -397 1470
-38 -397 1470
-45 -397 1470
-53 -398 1475
-60 -400 1484
663 -430 1565
235 -419 1527
223 -412 1500
216 -412 1500
208 -412 1499
200 -412 1498
193 -412 1498
185 -411 1497
178 -411 1495
170 -410 1493
163 -411 1496
155 -410 1491
147 -410 1492
140 -410 1492
132 -410 1493
125 -410 1493
117 -409 1488
110 -408 1486
102 -409 1487
95 -409 1488
87 -409 1487
80 -408 1487
72 -409 1487
65 -408 1486
57 -408 1484
50 -408 1483
42 -407 1481
35 -407 1481
28 -407 1480
20 -406 1477
13 -406 1477
5 -406 1476
-1 -405 1474
-8 -405 1474
-16 -405 1474
-23 -404 1469
-30 -404 1469
-38 -403 1468
-45 -404 1469
-53 -405 1473
-60 -407 1482
665 -434 1550
657 -434 1550
650 -434 1553
234 -427 1525
223 -419 1499
215 -419 1499
208 -419 1498
200 -419 1498
193 -419 1497
185 -418 1495
177 -417 1492
170 -417 1492
162 -418 1493
155 -418 1494
147 -417 1491
140 -417 1491
132 -417 1492
125 -417 1492
117 -417 1491
110 -416 1487
102 -416 1486
95 -416 1487
87 -415 1485
80 -415 1485
72 -415 1485
65 -416 1485
57 -416 1486
50 -414 1481
42 -414 1481
35 -414 1479
28 -414 1479
20 -413 1476
13 -413 1476
5 -413 1475
-1 -412 1474
-8 -412 1474
-16 -412 1473
-23 -412 1473
-30 -410 1467
-38 -410 1467
-45 -410 1467
-52 -411 1470
-60 -414 1480
657 -442 1551
654 -445 1562
539 -440 1547
235 -435 1526
224 -428 1503
215 -427 1498
208 -426 1497
200 -426 1497
192 -426 1495
185 -425 1493
177 -425 1493
170 -425 1491
162 -425 1491
155 -425 1491
147 -424 1489
140 -424 1490
132 -425 1492
125 -425 1491
117 -424 1490
109 -423 1485
102 -423 1486
95 -423 1485
87 -423 1485
80 -422 1484
72 -423 1486
65 -423 1485
57 -423 1485
50 -422 1481
42 -421 1480
35 -421 1477
28 -421 1478
20 -421 1477
13 -421 1477
5 -420 1474
654 -452 1560
542 -451 1555
162 -432 1490
154 -431 1489
147 -432 1490
140 -432 1491
132 -432 1491
125 -432 1489
117 -431 1488
110 -431 1487
102 -431 1488
95 -430 1484
87 -430 1485
80 -430 1485
72 -430 1485
65 -430 1485
57 -430 1485
50 -429 1480
42 -429 1479
35 -428 1478
28 -428 1477
20 -428 1476
13 -428 1476
5 -428 1475
-1 -428 1475
-8 -426 1470
-16 -425 1467
-23 -425 1468
-30 -425 1467
-38 -425 1467
-45 -425 1466
-52 -425 1467
-60 -429 1481
659 -453 1536
659 -458 1555
653 -459 1559
535 -459 1555
223 -442 1499
215 -441 1495
207 -441 1494
200 -440 1494
192 -440 1491
184 -439 1490
177 -439 1490
169 -439 1491
162 -439 1491
154 -439 1490
147 -439 1490
140 -439 1491
132 -439 1489
125 -439 1488
117 -438 1486
110 -438 1486
102 -438 1487
94 -437 1484
87 -437 1484
80 -437 1483
72 -437 1483
65 -437 1483
57 -437 1481
50 -436 1479
42 -435 1477
35 -435 1476
28 -435 1475
20 -434 1474
13 -434 1474
5 -434 1474
-1 -434 1473
-8 -434 1471
-16 -432 1466
-23 -432 1466
-30 -432 1465
-38 -432 1466
-45 -432 1465
-52 -433 1468
-60 -437 1481
661 -462 1542
654 -463 1544
652 -466 1556
223 -449 1499
215 -448 1493
207 -447 1491
199 -447 1491
192 -447 1490
184 -447 1491
177 -446 1489
169 -446 1488
162 -446 1489
154 -446 1489
147 -446 1489
140 -447 1490
132 -446 1487
124 -445 1485
117 -445 1485
109 -445 1484
102 -445 1485
95 -445 1484
87 -445 1483
80 -444 1481
72 -444 1481
65 -444 1481
57 -443 1479
50 -443 1479
42 -443 1476
35 -442 1474
27 -442 1473
20 -441 1473
13 -441 1472
5 -441 1472
-1 -441 1472
-8 -441 1471
-16 -440 1469
-23 -439 1466
-30 -439 1466
-38 -439 1465
-45 -439 1466
-52 -440 1468
-60 -444 1480
663 -471 1546
656 -472 1549
651 -474 1554
607 -470 1542
223 -456 1496
214 -454 1489
206 -454 1489
199 -454 1489
192 -454 1489
184 -454 1489
177 -454 1489
169 -453 1486
162 -453 1486
154 -453 1488
147 -454 1490
139 -453 1488
132 -452 1484
124 -453 1485
117 -453 1487
109 -453 1485
102 -452 1482
94 -451 1481
87 -451 1481
80 -451 1481
72 -451 1479
65 -451 1479
57 -450 1477
50 -450 1478
42 -450 1477
35 -449 1472
27 -449 1472
20 -449 1472
13 -449 1472
5 -448 1470
-1 -448 1470
-8 -448 1469
-16 -447 1467
-23 -447 1467
-30 -447 1466
-38 -446 1463
-45 -447 1465
-52 -447 1467
-60 -450 1478
664 -480 1549
657 -481 1551
643 -475 1535
639 -484 1563
614 -471 1522
611 -475 1532
604 -475 1535
222 -461 1490
214 -462 1490
206 -460 1486
199 -460 1487
191 -460 1486
184 -461 1487
176 -461 1487
169 -460 1486
162 -461 1487
154 -461 1488
147 -461 1489
139 -461 1488
132 -460 1484
124 -460 1484
42 -457 1476
35 -457 1476
27 -456 1473
20 -456 1472
13 -455 1470
5 -455 1468
-1 -455 1468
-8 -455 1468
-16 -455 1467
-23 -454 1467
-30 -454 1465
-38 -453 1464
-45 -454 1464
-52 -454 1465
-60 -457 1474
614 -478 1520
613 -484 1536
606 -484 1539
221 -468 1488
214 -469 1489
206 -468 1487
199 -468 1487
191 -468 1486
184 -468 1487
176 -468 1486
169 -468 1487
162 -468 1486
154 -468 1486
147 -468 1486
139 -468 1486
131 -467 1482
124 -467 1482
117 -467 1483
109 -466 1481
102 -466 1481
94 -466 1479
87 -466 1479
79 -466 1479
72 -466 1479
64 -465 1477
57 -464 1475
50 -464 1475
42 -464 1473
35 -464 1473
28 -464 1473
20 -464 1473
13 -462 1468
5 -462 1467
-1 -463 1470
-8 -462 1467
-16 -461 1466
-23 -461 1465
-30 -460 1462
-38 -460 1462
-45 -460 1463
-52 -461 1463
-60 -463 1472
656 -489 1531
650 -490 1534
643 -491 1536
625 -489 1530
619 -490 1532
221 -476 1488
214 -476 1487
206 -475 1486
199 -475 1486
191 -474 1484
183 -474 1483
176 -475 1484
169 -475 1485
161 -475 1484
154 -474 1484
146 -474 1483
139 -475 1484
132 -474 1483
124 -473 1481
116 -473 1480
109 -473 1479
102 -473 1479
94 -473 1479
87 -473 1478
79 -473 1479
72 -473 1478
64 -472 1476
57 -472 1476
50 -471 1474
42 -471 1474
35 -470 1470
27 -470 1470
20 -470 1469
13 -469 1467
5 -469 1468
-1 -469 1468
-8 -469 1468
-16 -468 1464
-23 -468 1463
-30 -467 1461
-37 -467 1460
-45 -467 1462
-52 -468 1463
-60 -470 1470
-69 -481 1503
649 -497 1531
643 -498 1534
636 -505 1556
628 -505 1555
617 -502 1546
611 -504 1551
604 -505 1554
222 -485 1494
213 -482 1485
206 -482 1485
199 -482 1485
191 -482 1485
183 -481 1482
176 -482 1484
169 -482 1484
161 -482 1483
154 -481 1481
146 -481 1481
139 -481 1482
131 -481 1480
124 -480 1479
116 -481 1480
109 -481 1481
102 -480 1478
94 -480 1478
87 -480 1479
79 -480 1477
72 -480 1477
65 -480 1477
57 -479 1474
50 -479 1474
42 -478 1473
35 -478 1470
27 -478 1472
20 -477 1468
13 -477 1469
5 -476 1466
-1 -476 1466
-8 -476 1466
-16 -475 1463
-23 -475 1462
-30 -475 1462
-37 -474 1460
-45 -475 1461
-52 -475 1462
-60 -477 1470
-69 -487 1501
654 -503 1526
640 -504 1527
616 -509 1544
610 -511 1549
603 -512 1551
223 -493 1496
213 -490 1485
206 -489 1484
198 -489 1482
191 -489 1483
183 -488 1481
176 -489 1482
169 -489 1482
161 -488 1481
153 -488 1479
146 -488 1479
139 -487 1478
131 -487 1477
124 -487 1478
116 -487 1478
109 -488 1479
101 -487 1477
94 -487 1476
87 -487 1475
79 -487 1476
72 -487 1476
64 -486 1475
57 -486 1475
50 -486 1474
42 -486 1473
35 -485 1471
27 -485 1471
20 -484 1467
13 -484 1468
5 -483 1465
637 -522 1559
626 -519 1551
608 -510 1524
603 -513 1531
602 -519 1549
599 -523 1561
591 -523 1561
583 -522 1559
572 -519 1551
565 -520 1553
552 -515 1539
550 -521 1556
161 -495 1479
153 -494 1477
146 -495 1478
138 -495 1477
131 -494 1475
124 -494 1476
116 -494 1476
109 -495 1477
101 -494 1477
94 -493 1474
86 -493 1473
79 -493 1474
72 -493 1474
64 -493 1473
57 -493 1473
50 -493 1473
42 -493 1473
35 -492 1469
27 -492 1469
20 -491 1467
13 -490 1465
5 -490 1465
-1 -491 1465
-8 -490 1465
-16 -490 1464
-23 -489 1462
-30 -489 1462
-38 -489 1461
-45 -489 1461
-52 -490 1465
-60 -495 1477
-69 -503 1502
663 -526 1547
614 -516 1520
607 -517 1522
608 -525 1545
602 -526 1547
595 -527 1550
589 -528 1555
578 -526 1547
569 -524 1543
553 -517 1521
551 -522 1537
235 -520 1529
223 -510 1500
213 -504 1484
205 -503 1481
198 -504 1482
190 -503 1480
183 -503 1481
176 -503 1482
168 -502 1478
161 -502 1477
153 -502 1477
146 -502 1479
139 -503 1479
131 -503 1480
124 -502 1479
116 -502 1477
109 -502 1477
101 -502 1477
94 -500 1471
86 -500 1472
79 -500 1472
72 -500 1473
64 -500 1471
57 -500 1471
50 -500 1471
42 -500 1471
35 -500 1470
27 -499 1467
20 -498 1467
13 -497 1464
5 -498 1466
-1 -498 1464
-8 -497 1464
-16 -497 1464
-23 -497 1464
-30 -497 1464
-38 -497 1463
-45 -497 1463
-52 -497 1464
-60 -499 1467
646 -526 1524
613 -523 1517
617 -533 1546
610 -534 1549
605 -536 1555
592 -532 1544
582 -530 1536
575 -530 1538
568 -531 1541
566 -536 1556
223 -517 1500
213 -512 1484
206 -511 1483
198 -510 1480
190 -509 1477
183 -510 1478
176 -511 1481
168 -510 1479
161 -510 1478
153 -509 1477
146 -510 1478
138 -510 1478
131 -509 1477
124 -509 1477
116 -509 1477
109 -509 1477
101 -508 1474
94 -508 1474
86 -508 1472
79 -507 1471
72 -508 1473
64 -506 1469
57 -506 1469
49 -507 1469
42 -506 1468
35 -507 1470
27 -506 1468
20 -505 1465
13 -505 1464
5 -505 1465
-1 -505 1465
-8 -505 1465
-16 -505 1464
-23 -504 1462
-30 -504 1463
-37 -503 1459
-45 -503 1459
-52 -504 1461
-60 -505 1465
-69 -518 1502
-622 -498 1444
-628 -497 1441
-640 -501 1453
-647 -500 1450
643 -531 1517
623 -539 1542
616 -540 1545
609 -541 1546
602 -541 1547
595 -542 1550
589 -544 1556
582 -545 1558
235 -534 1528
223 -524 1498
213 -518 1481
205 -517 1479
198 -517 1479
190 -517 1478
183 -516 1476
175 -516 1476
168 -517 1477
161 -517 1478
153 -516 1475
146 -516 1476
138 -516 1476
131 -516 1475
123 -516 1475
116 -516 1476
109 -516 1475
101 -516 1475
94 -516 1474
86 -515 1472
79 -515 1471
72 -515 1472
64 -515 1472
57 -515 1472
49 -513 1467
42 -513 1466
35 -513 1467
27 -513 1468
20 -511 1462
13 -511 1462
5 -512 1463
-1 -512 1463
-8 -511 1461
-16 -511 1461
-23 -510 1459
-30 -511 1460
-37 -510 1458
-45 -509 1456
-52 -510 1458
-60 -513 1466
-69 -525 1500
-617 -507 1448
-620 -503 1439
-627 -503 1439
-632 -502 1435
664 -549 1549
629 -539 1520
629 -546 1538
625 -549 1547
615 -547 1542
606 -546 1540
600 -547 1542
591 -546 1539
588 -551 1554
530 -547 1542
521 -545 1536
517 -549 1548
234 -541 1525
224 -533 1503
213 -526 1483
205 -525 1479
198 -524 1478
175 -524 1476
168 -525 1480
161 -524 1477
153 -523 1474
146 -523 1475
138 -523 1476
131 -524 1477
123 -523 1474
42 -521 1468
35 -520 1466
27 -520 1465
20 -520 1465
13 -520 1465
5 -519 1463
-1 -519 1463
-8 -519 1463
-16 -518 1461
-23 -518 1460
-30 -518 1461
-37 -517 1457
-45 -517 1456
-52 -517 1456
-60 -522 1471
-68 -526 1483
-623 -513 1447
-630 -513 1445
-636 -512 1442
-634 -504 1422
635 -545 1516
630 -547 1522
628 -552 1536
621 -553 1538
612 -552 1535
596 -544 1513
596 -551 1532
589 -552 1535
536 -553 1537
527 -552 1534
517 -549 1525
510 -549 1527
503 -550 1530
496 -552 1533
234 -547 1519
224 -542 1507
213 -532 1479
168 -531 1476
160 -531 1475
153 -531 1475
145 -530 1473
138 -530 1474
131 -530 1474
123 -530 1473
116 -530 1472
109 -530 1473
101 -530 1473
94 -529 1471
86 -530 1472
79 -529 1469
72 -529 1469
64 -529 1470
57 -529 1471
50 -529 1471
42 -528 1469
35 -527 1464
27 -526 1463
20 -526 1462
13 -526 1462
5 -525 1460
-1 -525 1460
-8 -525 1460
-23 -525 1458
-30 -525 1458
-37 -525 1458
-45 -525 1458
-52 -524 1458
-60 -529 1470
-68 -533 1480
-624 -521 1448
-629 -519 1443
-634 -517 1437
645 -562 1540
629 -554 1519
611 -552 1514
533 -558 1529
527 -559 1532
516 -555 1522
509 -556 1524
502 -557 1528
497 -560 1534
494 -565 1549
487 -566 1551
462 -565 1548
233 -553 1515
224 -550 1509
213 -540 1481
197 -539 1477
153 -537 1473
123 -537 1471
116 -537 1471
108 -537 1471
101 -537 1471
94 -536 1470
86 -536 1470
79 -535 1467
71 -535 1468
64 -536 1468
57 -536 1469
49 -535 1467
42 -534 1464
27 -533 1462
13 -533 1461
-8 -532 1459
-23 -532 1459
-30 -532 1458
-37 -531 1457
-45 -531 1457
-52 -532 1457
-60 -536 1468
-68 -539 1479
-630 -515 1412
628 -561 1517
622 -563 1522
617 -565 1529
611 -566 1531
601 -564 1526
594 -565 1527
588 -567 1532
586 -572 1548
579 -573 1550
572 -573 1551
565 -574 1553
546 -563 1523
539 -564 1525
533 -565 1527
529 -569 1540
516 -563 1522
512 -567 1534
503 -566 1530
500 -571 1545
493 -572 1546
486 -573 1548
479 -573 1551
459 -568 1537
452 -569 1539
447 -572 1547
242 -564 1525
233 -560 1514
223 -556 1502
213 -547 1479
145 -545 1474
138 -545 1474
116 -544 1470
108 -544 1470
101 -543 1469
94 -543 1470
86 -544 1470
79 -543 1470
71 -542 1467
64 -543 1467
57 -543 1468
49 -542 1466
-23 -539 1458
-52 -539 1457
-60 -543 1468
-67 -546 1475
-76 -554 1497
628 -569 1517
613 -569 1519
607 -570 1521
600 -571 1523
594 -573 1528
592 -578 1543
586 -579 1546
579 -580 1548
571 -580 1548
549 -565 1508
546 -570 1521
538 -570 1521
536 -575 1535
529 -576 1538
515 -570 1520
508 -570 1522
502 -572 1527
500 -578 1543
492 -579 1544
485 -579 1546
478 -580 1548
466 -574 1533
458 -575 1534
451 -576 1536
250 -573 1529
240 -568 1514
232 -566 1510
223 -562 1500
138 -552 1472
131 -552 1472
123 -551 1471
116 -551 1470
108 -551 1471
94 -550 1469
86 -550 1468
79 -550 1468
71 -550 1469
64 -550 1468
57 -550 1467
49 -549 1464
13 -547 1461
5 -548 1462
-76 -560 1495
627 -575 1515
620 -576 1518
616 -579 1524
609 -580 1527
604 -583 1534
601 -587 1545
594 -588 1548
584 -585 1541
575 -584 1538
561 -578 1522
537 -577 1518
535 -582 1533
524 -579 1523
515 -578 1521
503 -572 1506
503 -582 1531
500 -586 1543
492 -587 1545
487 -589 1551
468 -586 1542
458 -582 1532
451 -583 1534
406 -585 1540
250 -580 1527
145 -559 1473
138 -559 1472
131 -559 1472
101 -558 1469
94 -558 1469
79 -557 1467
71 -557 1466
64 -557 1466
57 -557 1467
49 -557 1465
-60 -556 1463
-68 -563 1481
-195 -566 1492
-615 -542 1427
-633 -552 1453
601 -587 1525
600 -594 1543
593 -595 1545
583 -592 1538
569 -586 1523
563 -587 1525
550 -582 1513
544 -583 1515
537 -584 1517
530 -584 1519
519 -581 1511
511 -580 1508
497 -582 1512
496 -589 1531
257 -587 1525
250 -587 1526
241 -584 1517
231 -579 1504
223 -577 1499
-60 -565 1468
-68 -569 1479
-194 -572 1487
-202 -573 1488
600 -594 1524
599 -601 1541
589 -599 1536
578 -595 1526
569 -593 1521
559 -591 1517
549 -589 1510
541 -588 1508
525 -587 1506
500 -592 1520
494 -595 1525
487 -595 1527
481 -598 1533
478 -604 1549
468 -601 1542
453 -590 1515
445 -591 1516
406 -599 1537
400 -602 1545
266 -596 1529
257 -593 1522
250 -594 1525
242 -594 1523
232 -587 1507
222 -583 1496
-60 -571 1466
-67 -574 1473
-76 -585 1500
-84 -585 1500
-173 -582 1494
-180 -582 1493
-188 -582 1492
-194 -579 1487
