-1667
-1666
-1659
-1657
-1655
-1635
-1635
-1631
-1618
-1613
-1611
-1609
-1603
-1601
-1600
-1599
-1595
-1582
-1579
-1579
-1574
-1569
-1563
-1561
-1560
-1559
-1555
-1552
-1550
-1541
-1535
-1534
-1530
-1525
-1524
-1522
-1517
-1516
-1515
-1513
-1513
-1512
-1509
-1508
-1506
-1506
-1503
-1500
-1499
-1499
-1498
-1497
-1494
-1491
-1484
-1483
-1482
-1481
-1481
-1480
-1480
-1478
-1477
-1476
-1474
-1474
-1471
-1469
-1468
-1468
-1467
-1466
-1466
-1465
-1460
-1459
-1456
-1453
-1451
-1447
-1447
-1447
-1443
-1442
-1442
-1442
-1442
-1440
-1438
-1437
-1436
-1434
-1432
-1431
-1430
-1426
-1423
-1422
-1422
-1421
-1418
-1418
-1416
-1414
-1411
-1408
-1407
-1406
-1404
-1404
-1404
-1401
-1400
-1398
-1397
-1397
-1394
-1394
-1393
-1393
-1391
-1391
-1388
-1387
-1384
-1383
-1377
-1377
-1375
-1374
-1373
-1365
-1364
-1364
-1364
-1363
-1363
-1363
-1362
-1362
-1359
-1358
-1357
-1357
-1356
-1355
-1352
-1351
-1349
-1348
-1346
-1345
-1345
-1344
-1343
-1338
-1337
-1336
-1326
-1326
-1325
-1324
-1323
-1322
-1322
-1322
-1322
-1322
-1321
-1320
-1320
-1320
-1318
-1315
-1313
-1312
-1310
-1307
-1307
-1305
-1304
-1304
-1303
-1303
-1303
-1302
-1300
-1298
-1297
-1297
-1295
-1292
-1291
-1290
-1289
-1289
-1288
-1286
-1285
-1285
-1283
-1282
-1279
-1276
-1274
-1273
-1272
-1272
-1269
-1269
-1266
-1266
-1264
-1262
-1262
-1262
-1262
-1260
-1258
-1257
-1256
-1256
-1256
-1256
-1255
-1253
-1252
-1251
-1250
-1248
-1248
-1247
-1246
-1245
-1245
-1245
-1244
-1239
-1238
-1235
-1232
-1231
-1229
-1228
-1228
-1227
-1227
-1225
-1225
-1225
-1219
-1219
-1218
-1218
-1217
-1213
-1211
-1209
-1209
-1209
-1207
-1207
-1206
-1206
-1205
-1202
-1201
-1199
-1199
-1198
-1196
-1195
-1193
-1192
-1190
-1190
-1189
-1187
-1184
-1181
-1179
-1177
-1175
-1172
-1171
-1171
-1171
-1169
-1167
-1167
-1167
-1166
-1165
-1164
-1162
-1161
-1160
-1160
-1159
-1156
-1155
-1152
-1151
-1150
-1147
-1146
-1146
-1143
-1141
-1141
-1140
-1138
-1138
-1136
-1136
-1135
-1135
-1133
-1129
-1129
-1128
-1126
-1125
-1125
-1123
-1123
-1122
-1120
-1117
-1117
-1116
-1113
-1113
-1110
-1109
-1108
-1107
-1105
-1104
-1104
-1102
-1102
-1101
-1099
-1097
-1097
-1095
-1093
-1093
-1091
-1089
-1089
-1088
-1086
-1084
-1084
-1080
-1079
-1077
-1076
-1075
-1075
-1074
-1074
-1072
-1072
-1068
-1067
-1067
-1066
-1064
-1063
-1062
-1062
-1062
-1062
-1061
-1060
-1059
-1057
-1056
-1052
-1047
-1044
-1044
-1043
-1042
-1041
-1041
-1040
-1039
-1036
-1035
-1034
-1034
-1033
-1032
-1030
-1030
-1029
-1027
-1021
-1019
-1018
-1018
-1017
-1016
-1016
-1010
-1010
-1010
-1009
-1008
-1008
-1002
-1000
-1000
-1000
-1000
-999
-999
-996
-993
-992
-990
-988
-986
-985
-984
-984
-983
-983
-982
-980
-979
-979
-978
-977
-976
-975
-974
-973
-972
-971
-970
-970
-969
-968
-964
-964
-964
-964
-962
-961
-960
-960
-959
-958
-956
-953
-953
-952
-951
-951
-949
-946
-946
-946
-942
-942
-942
-938
-937
-935
-931
-931
-930
-929
-928
-928
-926
-925
-924
-921
-921
-920
-919
-919
-918
-917
-915
-911
-911
-910
-908
-908
-907
-906
-901
-901
-900
-899
-899
-899
-898
-898
-898
-898
-898
-895
-895
-894
-890
-887
-884
-881
-881
-881
-879
-879
-878
-875
-874
-874
-873
-873
-872
-870
-870
-870
-869
-869
-865
-865
-865
-864
-863
-863
-861
-861
-860
-858
-855
-854
-854
-853
-853
-852
-850
-848
-847
-847
-846
-845
-844
-843
-838
-836
-834
-834
-832
-832
-831
-827
-827
-826
-826
-826
-824
-823
-823
-821
-821
-821
-820
-819
-818
-817
-814
-811
-811
-810
-809
-807
-807
-806
-805
-804
-803
-803
-802
-801
-801
-801
-800
-798
-798
-797
-797
-797
-797
-796
-795
-794
-793
-793
-792
-792
-791
-790
-790
-790
-788
-788
-787
-787
-784
-784
-783
-783
-781
-780
-780
-779
-778
-778
-776
-775
-775
-775
-775
-774
-773
-772
-771
-769
-768
-768
-767
-767
-767
-767
-765
-764
-764
-764
-763
-762
-762
-762
-762
-761
-761
-760
-759
-759
-758
-758
-757
-756
-756
-755
-753
-753
-752
-752
-751
-751
-750
-749
-749
-749
-748
-746
-746
-746
-746
-746
-746
-746
-744
-743
-743
-743
-742
-742
-741
-741
-740
-739
-739
-739
-738
-738
-738
-737
-736
-736
-735
-735
-734
-734
-733
-732
-731
-729
-729
-728
-727
-726
-726
-726
-726
-724
-723
-721
-721
-721
-720
-720
-720
-719
-719
-719
-718
-718
-717
-715
-714
-714
-714
-714
-713
-713
-713
-712
-712
-711
-710
-710
-710
-709
-707
-707
-707
-706
-705
-705
-704
-703
-703
-702
-702
-702
-701
-701
-701
-701
-700
-700
-700
-699
-699
-698
-697
-697
-696
-696
-696
-695
-693
-693
-693
-693
-692
-692
-691
-691
-691
-690
-690
-690
-689
-689
-688
-688
-687
-687
-686
-686
-685
-683
-683
-683
-682
-680
-679
-679
-679
-677
-677
-677
-676
-676
-676
-676
-676
-675
-675
-673
-672
-672
-671
-670
-670
-669
-669
-669
-668
-667
-667
-667
-667
-667
-665
-664
-664
-664
-664
-664
-661
-661
-661
-660
-660
-659
-659
-658
-658
-658
-657
-657
-656
-656
-656
-656
-655
-654
-654
-654
-653
-653
-652
-652
-652
-651
-651
-650
-649
-648
-648
-647
-647
-644
-644
-644
-644
-643
-643
-642
-642
-641
-641
-641
-640
-640
-639
-639
-639
-639
-638
-638
-637
-637
-636
-635
-635
-635
-635
-633
-632
-632
-632
-631
-630
-630
-629
-628
-628
-628
-626
-625
-625
-624
-624
-624
-624
-623
-623
-623
-623
-622
-622
-620
-620
-620
-619
-619
-619
-619
-617
-617
-617
-616
-616
-615
-614
-614
-613
-613
-613
-612
-612
-611
-610
-609
-608
-608
-608
-607
-607
-607
-606
-604
-602
-602
-601
-601
-601
-600
-600
-600
-600
-600
-600
-600
-599
-598
-598
-598
-598
-598
-597
-596
-596
-596
-595
-595
-594
-594
-594
-593
-592
-591
-591
-591
-590
-590
-590
-590
-589
-589
-588
-587
-587
-586
-585
-585
-585
-585
-582
-582
-582
-581
-579
-578
-578
-577
-576
-574
-574
-574
-574
-573
-573
-573
-571
-571
-570
-570
-569
-569
-569
-568
-568
-568
-568
-567
-567
-566
-565
-565
-564
-564
-564
-563
-563
-562
-562
-562
-562
-561
-561
-560
-560
-560
-560
-559
-558
-558
-557
-557
-554
-554
-554
-552
-551
-551
-551
-550
-550
-550
-549
-548
-548
-546
-546
-546
-545
-545
-544
-544
-544
-543
-543
-542
-542
-542
-541
-541
-540
-539
-539
-539
-539
-539
-538
-538
-536
-536
-535
-535
-535
-534
-534
-533
-533
-533
-533
-531
-531
-530
-530
-530
-530
-528
-528
-527
-525
-525
-525
-524
-523
-523
-523
-522
-522
-521
-521
-521
-520
-520
-518
-518
-518
-517
-517
-517
-515
-514
-514
-514
-514
-514
-513
-513
-513
-512
-512
-511
-511
-511
-511
-511
-511
-510
-509
-508
-507
-506
-506
-505
-504
-503
-501
-501
-501
-500
-500
-499
-498
-498
-497
-496
-496
-496
-495
-493
-493
-493
-492
-492
-492
-491
-491
-490
-489
-489
-489
-489
-487
-485
-485
-484
-484
-484
-483
-483
-482
-482
-480
-479
-478
-478
-477
-477
-476
-476
-476
-474
-474
-473
-472
-472
-472
-471
-470
-468
-467
-467
-467
-466
-466
-466
-465
-465
-463
-463
-461
-461
-461
-461
-460
-460
-459
-459
-459
-458
-458
-458
-457
-456
-456
-456
-455
-455
-454
-454
-454
-453
-452
-452
-452
-450
-449
-447
-447
-446
-446
-446
-446
-445
-445
-445
-444
-444
-443
-441
-441
-440
-440
-439
-439
-438
-438
-437
-437
-436
-436
-436
-435
-435
-434
-434
-433
-432
-432
-432
-432
-432
-431
-431
-430
-430
-430
-430
-430
-428
-428
-427
-427
-426
-425
-424
-424
-424
-423
-423
-422
-422
-422
-422
-421
-421
-421
-420
-420
-420
-420
-419
-419
-417
-416
-416
-416
-416
-415
-414
-414
-413
-413
-412
-412
-412
-411
-411
-411
-411
-410
-409
-408
-408
-408
-408
-408
-408
-408
-407
-407
-406
-406
-406
-406
-405
-405
-405
-404
-404
-404
-404
-403
-403
-402
-402
-402
-401
-400
-400
-400
-399
-399
-398
-398
-398
-398
-398
-397
-397
-396
-396
-395
-394
-394
-394
-394
-392
-392
-392
-392
-391
-391
-390
-390
-389
-389
-389
-388
-388
-388
-387
-387
-386
-386
-386
-386
-386
-386
-386
-385
-383
-383
-382
-382
-382
-380
-380
-380
-380
-380
-380
-379
-379
-379
-379
-379
-379
-379
-379
-378
-378
-378
-378
-378
-378
-377
-377
-377
-377
-377
-377
-377
-377
-376
-374
-374
-374
-374
-374
-373
-372
-371
-370
-370
-370
-370
-370
-369
-369
-368
-367
-367
-367
-366
-366
-365
-365
-364
-364
-364
-364
-364
-363
-363
-363
-363
-363
-363
-362
-362
-361
-361
-361
-360
-360
-360
-359
-359
-359
-359
-358
-358
-358
-358
-357
-357
-357
-357
-357
-357
-357
-357
-356
-356
-356
-356
-355
-355
-354
-354
-354
-354
-354
-354
-354
-353
-353
-352
-352
-351
-350
-350
-350
-349
-349
-349
-348
-348
-348
-347
-347
-347
-346
-345
-345
-345
-344
-344
-344
-343
-343
-343
-343
-343
-343
-343
-343
-342
-342
-342
-341
-341
-341
-340
-339
-339
-339
-338
-338
-337
-337
-337
-336
-336
-336
-336
-336
-335
-335
-335
-334
-334
-334
-334
-334
-333
-333
-333
-333
-332
-332
-332
-332
-332
-332
-331
-330
-330
-330
-330
-329
-329
-329
-329
-328
-328
-328
-327
-327
-326
-326
-326
-326
-326
-326
-326
-326
-325
-325
-325
-325
-325
-325
-324
-323
-323
-323
-323
-323
-323
-322
-321
-320
-319
-319
-319
-319
-319
-319
-318
-318
-318
-318
-318
-318
-317
-317
-316
-315
-315
-315
-315
-314
-314
-314
-314
-314
-313
-313
-311
-310
-310
-309
-309
-308
-308
-306
-306
-306
-306
-306
-306
-305
-305
-305
-305
-305
-304
-304
-303
-303
-302
-302
-302
-302
-302
-302
-302
-302
-302
-301
-301
-301
-300
-300
-300
-299
-299
-299
-298
-298
-298
-297
-297
-297
-296
-296
-296
-296
-295
-295
-295
-295
-295
-294
-294
-294
-294
-293
-292
-292
-292
-292
-291
-291
-291
-291
-290
-289
-289
-289
-289
-288
-288
-288
-288
-287
-287
-286
-286
-286
-286
-286
-286
-285
-285
-283
-282
-282
-282
-282
-282
-280
-280
-280
-280
-279
-279
-279
-279
-278
-278
-278
-278
-278
-278
-278
-278
-278
-277
-277
-277
-277
-275
-275
-275
-275
-275
-275
-274
-273
-273
-273
-273
-272
-272
-272
-272
-271
-271
-271
-271
-270
-270
-270
-269
-269
-269
-269
-269
-269
-268
-268
-268
-268
-266
-266
-266
-265
-264
-264
-264
-264
-264
-263
-263
-263
-263
-263
-263
-263
-262
-262
-262
-262
-261
-261
-260
-260
-260
-259
-259
-259
-259
-258
-258
-258
-257
-257
-257
-256
-256
-256
-256
-255
-255
-255
-255
-255
-254
-254
-254
-254
-254
-252
-252
-252
-251
-251
-251
-251
-251
-251
-251
-251
-250
-250
-250
-250
-250
-249
-249
-249
-249
-249
-249
-248
-248
-248
-247
-247
-246
-246
-246
-246
-246
-246
-246
-246
-245
-245
-245
-245
-244
-244
-244
-244
-244
-244
-243
-243
-243
-243
-242
-242
-242
-242
-241
-241
-241
-241
-241
-241
-240
-240
-239
-239
-239
-239
-238
-238
-237
-237
-236
-236
-236
-236
-236
-236
-236
-235
-235
-235
-235
-234
-234
-234
-233
-233
-233
-233
-233
-232
-232
-232
-231
-231
-230
-230
-230
-230
-229
-229
-229
-228
-228
-228
-228
-226
-226
-226
-226
-225
-225
-225
-225
-225
-225
-224
-224
-224
-224
-224
-223
-223
-223
-223
-222
-222
-222
-222
-222
-221
-221
-221
-221
-220
-220
-220
-220
-220
-219
-219
-219
-219
-218
-217
-217
-217
-217
-216
-216
-215
-215
-214
-214
-213
-213
-213
-213
-213
-212
-211
-211
-211
-211
-211
-210
-210
-210
-208
-208
-208
-207
-207
-207
-206
-206
-205
-205
-205
-205
-203
-203
-203
-203
-202
-202
-202
-202
-202
-201
-201
-200
-200
-200
-200
-200
-200
-199
-198
-198
-198
-198
-198
-197
-197
-197
-197
-195
-195
-195
-195
-195
-194
-193
-193
-193
-193
-193
-192
-192
-192
-192
-192
-191
-191
-191
-191
-190
-190
-189
-189
-189
-188
-188
-188
-188
-187
-187
-187
-187
-186
-186
-185
-185
-185
-185
-185
-185
-184
-184
-184
-184
-184
-183
-183
-182
-182
-182
-182
-181
-181
-180
-180
-180
-178
-178
-178
-177
-177
-177
-177
-176
-176
-176
-176
-175
-175
-175
-175
-174
-173
-173
-173
-173
-173
-173
-173
-173
-173
-172
-172
-172
-172
-172
-170
-169
-169
-168
-168
-166
-166
-165
-165
-165
-165
-165
-165
-165
-165
-165
-164
-164
-164
-163
-163
-163
-162
-162
-162
-161
-160
-160
-160
-159
-159
-158
-158
-157
-157
-157
-157
-157
-156
-155
-155
-155
-155
-155
-155
-154
-154
-154
-154
-154
-153
-153
-153
-153
-152
-152
-152
-152
-152
-151
-151
-151
-151
-150
-150
-150
-150
-149
-148
-148
-148
-147
-147
-147
-147
-147
-146
-145
-145
-145
-145
-145
-145
-145
-145
-145
-144
-144
-144
-143
-143
-143
-143
-143
-143
-142
-141
-141
-141
-140
-140
-140
-139
-139
-139
-139
-139
-138
-138
-138
-138
-137
-137
-137
-137
-137
-136
-136
-135
-135
-135
-135
-134
-134
-134
-133
-133
-133
-133
-132
-132
-132
-132
-132
-132
-131
-131
-131
-130
-130
-130
-129
-129
-129
-129
-129
-129
-129
-129
-128
-128
-128
-128
-128
-128
-128
-127
-127
-127
-127
-127
-127
-127
-127
-127
-126
-126
-125
-125
-125
-125
-124
-124
-124
-123
-123
-123
-122
-122
-122
-121
-121
-121
-121
-121
-120
-120
-120
-120
-120
-120
-120
-120
-119
-119
-119
-119
-119
-119
-119
-119
-119
-119
-119
-118
-118
-118
-118
-118
-118
-117
-117
-117
-117
-116
-116
-116
-116
-116
-115
-115
-115
-115
-115
-115
-115
-114
-114
-114
-114
-114
-113
-113
-113
-113
-113
-112
-112
-112
-112
-112
-112
-111
-111
-111
-111
-110
-110
-110
-110
-110
-110
-110
-110
-110
-109
-109
-109
-109
-109
-109
-109
-109
-109
-109
-108
-108
-108
-108
-108
-108
-108
-108
-107
-107
-107
-107
-107
-107
-106
-106
-106
-106
-106
-106
-106
-105
-105
-105
-105
-105
-105
-104
-104
-104
-104
-103
-103
-103
-103
-103
-103
-102
-102
-102
-102
-102
-101
-101
-101
-101
-101
-101
-101
-101
-101
-101
-101
-101
-100
-100
-100
-100
-100
-100
-100
-100
-99
-99
-99
-99
-99
-99
-99
-99
-99
-99
-99
-99
-99
-98
-98
-98
-98
-98
-98
-97
-97
-97
-97
-97
-97
-97
-97
-96
-96
-96
-96
-96
-96
-95
-95
-95
-94
-94
-94
-94
-94
-94
-94
-94
-93
-93
-93
-93
-93
-93
-93
-93
-93
-93
-92
-92
-92
-92
-92
-92
-92
-92
-92
-92
-91
-91
-91
-91
-91
-91
-91
-91
-91
-91
-90
-90
-90
-90
-90
-90
-90
-90
-90
-89
-89
-89
-89
-89
-89
-89
-89
-88
-88
-88
-88
-88
-88
-88
-88
-87
-87
-87
-87
-86
-86
-86
-86
-86
-86
-86
-86
-86
-86
-86
-85
-85
-85
-85
-85
-85
-85
-85
-85
-84
-84
-84
-84
-84
-84
-84
-84
-84
-84
-84
-84
-84
-84
-84
-84
-83
-83
-83
-83
-83
-83
-83
-83
-82
-82
-82
-82
-82
-82
-81
-81
-81
-81
-81
-81
-81
-81
-81
-80
-80
-80
-80
-80
-79
-79
-79
-79
-79
-79
-79
-79
-78
-78
-78
-78
-78
-78
-77
-77
-77
-77
-77
-77
-77
-77
-77
-77
-77
-77
-77
-77
-77
-77
-77
-77
-76
-76
-76
-76
-76
-76
-76
-76
-76
-75
-75
-75
-75
-75
-75
-75
-75
-74
-74
-74
-74
-74
-74
-73
-73
-73
-73
-73
-73
-73
-73
-73
-72
-72
-72
-72
-72
-72
-72
-72
-72
-71
-71
-71
-71
-71
-70
-70
-70
-70
-70
-70
-69
-69
-69
-69
-69
-69
-69
-69
-69
-69
-68
-68
-68
-68
-68
-68
-68
-68
-68
-68
-68
-67
-67
-67
-67
-67
-67
-67
-67
-67
-67
-67
-67
-66
-66
-66
-66
-66
-66
-66
-66
-66
-66
-65
-65
-65
-65
-65
-65
-65
-65
-64
-64
-64
-64
-64
-64
-64
-64
-63
-63
-63
-63
-63
-63
-63
-63
-63
-63
-63
-63
-63
-62
-62
-62
-62
-62
-62
-62
-61
-61
-61
-61
-61
-61
-60
-60
-60
-60
-60
-60
-60
-60
-60
-60
-60
-59
-59
-59
-59
-59
-59
-59
-59
-59
-59
-59
-59
-59
-59
-59
-59
-59
-59
-59
-59
-59
-59
-58
-58
-58
-57
-57
-57
-57
-57
-57
-57
-57
-56
-56
-56
-56
-56
-56
-56
-56
-56
-56
-55
-55
-55
-55
-55
-55
-55
-54
-54
-54
-54
-54
-54
-54
-54
-53
-53
-53
-53
-53
-53
-53
-52
-52
-52
-52
-52
-52
-52
-52
-52
-52
-52
-52
-52
-52
-52
-51
-51
-51
-51
-51
-51
-51
-51
-51
-51
-51
-50
-50
-50
-50
-50
-50
-50
-50
-49
-49
-49
-49
-49
-48
-48
-48
-48
-47
-47
-47
-47
-47
-47
-47
-47
-46
-46
-46
-46
-46
-46
-46
-45
-45
-45
-45
-45
-45
-44
-44
-44
-44
-44
-44
-44
-44
-44
-44
-44
-44
-44
-44
-43
-43
-43
-43
-43
-43
-43
-43
-43
-43
-43
-43
-43
-42
-42
-42
-42
-42
-42
-42
-42
-42
-41
-41
-41
-41
-41
-41
-41
-41
-41
-40
-40
-40
-40
-40
-39
-39
-39
-39
-39
-39
-39
-39
-38
-38
-38
-38
-38
-38
-38
-37
-37
-37
-37
-37
-37
-37
-37
-37
-37
-37
-37
-37
-37
-36
-36
-36
-36
-36
-36
-36
-36
-36
-36
-36
-36
-35
-35
-35
-35
-35
-35
-35
-35
-35
-35
-35
-35
-35
-35
-35
-35
-35
-35
-35
-35
-35
-35
-35
-35
-35
-35
-35
-35
-34
-34
-34
-34
-34
-34
-34
-34
-34
-34
-34
-34
-34
-33
-33
-33
-33
-33
-33
-32
-32
-32
-32
-32
-32
-32
-32
-32
-32
-32
-32
-32
-32
-31
-31
-31
-31
-31
-30
-30
-30
-30
-30
-30
-30
-29
-29
-29
-29
-29
-29
-28
-28
-28
-28
-28
-27
-27
-27
-27
-27
-27
-27
-27
-27
-27
-27
-27
-27
-27
-27
-27
-27
-27
-27
-27
-27
-27
-27
-26
-26
-26
-25
-25
-25
-25
-24
-24
-24
-24
-24
-24
-24
-23
-23
-23
-23
-22
-22
-22
-21
-21
-21
-21
-21
-21
-21
-21
-21
-20
-20
-20
-20
-20
-20
-20
-19
-19
-19
-19
-19
-19
-19
-19
-19
-19
-19
-19
-19
-19
-19
-19
-19
-19
-19
-19
-19
-19
-19
-19
-19
-19
-19
-19
-18
-18
-18
-18
-18
-18
-18
-18
-17
-17
-17
-17
-17
-17
-17
-17
-16
-16
-16
-16
-16
-16
-15
-15
-15
-15
-15
-14
-14
-14
-14
-14
-14
-14
-14
-14
-14
-14
-14
-13
-13
-13
-13
-13
-13
-13
-13
-13
-13
-13
-13
-13
-12
-12
-12
-12
-12
-12
-12
-12
-12
-12
-12
-12
-12
-12
-12
-12
-12
-12
-11
-11
-11
-11
-11
-11
-11
-11
-11
-11
-11
-11
-11
-11
-11
-11
-11
-11
-11
-11
-11
-11
-11
-11
-11
-11
-11
-11
-11
-11
-11
-11
-11
-11
-11
-11
-11
-11
-11
-11
-11
-11
-11
-10
-10
-10
-10
-10
-10
-9
-9
-9
-9
-9
-9
-9
-9
-9
-8
-8
-8
-8
-8
-8
-8
-7
-7
-7
-7
-7
-7
-7
-7
-7
-6
-6
-6
-6
-6
-6
-6
-5
-5
-5
-4
-4
-4
-4
-3
-3
-3
-3
-3
-3
-3
-3
-3
-3
-3
-3
-3
-3
-3
-3
-3
-3
-3
-3
-3
-3
-3
-3
-3
-3
-3
-3
-3
-3
-3
-3
-2
-2
-2
-2
-1
-1
-1
-1
-1
-1
-1
-1
0
0
0
0
0
0
0
0
0
0
0
0
0
0
0
1
1
1
1
1
3
3
3
3
3
3
3
3
3
3
3
3
3
3
3
3
3
3
3
3
3
3
3
3
3
3
3
3
3
3
3
4
5
10
10
10
10
11
11
11
11
11
11
11
11
11
11
11
11
11
11
11
11
11
11
11
11
11
11
11
11
11
11
11
11
11
11
11
11
11
11
11
11
11
11
11
11
11
12
12
12
12
12
12
12
12
12
12
12
12
12
12
12
13
13
13
13
13
13
13
13
14
14
14
14
14
16
18
18
18
18
19
19
19
19
19
19
19
19
19
19
19
19
19
19
19
19
19
19
19
19
19
19
19
19
19
19
19
19
20
20
20
24
25
26
26
26
26
26
26
26
26
26
26
26
26
26
26
26
26
26
27
27
27
27
27
27
27
27
27
27
27
27
27
27
27
27
28
28
28
28
32
33
33
33
33
33
33
33
33
33
33
33
33
33
33
34
34
34
34
34
34
34
34
34
34
34
34
34
34
34
34
34
34
34
34
34
34
34
34
34
34
34
35
35
35
35
35
35
35
35
35
35
35
35
36
36
36
36
36
36
36
36
37
37
38
38
38
38
38
38
39
39
40
40
40
40
40
40
40
40
40
41
41
41
41
41
41
41
41
41
41
41
41
41
41
41
41
41
41
41
42
42
42
42
42
42
42
42
42
42
42
42
42
42
42
42
42
42
42
42
42
43
43
43
43
43
44
44
44
45
47
47
47
47
48
48
48
48
48
48
48
48
48
48
48
48
48
48
48
48
49
49
49
49
49
49
49
49
49
49
49
49
49
49
49
50
50
50
50
50
50
50
51
51
51
51
51
51
51
52
52
52
52
52
52
52
52
53
53
54
54
54
54
55
55
55
55
55
55
55
55
55
55
55
55
55
55
56
56
56
56
56
56
56
56
56
56
56
56
56
56
56
56
56
57
57
57
57
57
57
57
57
57
57
57
57
57
57
57
57
57
57
57
57
57
57
57
57
58
58
58
58
58
58
58
58
58
58
58
59
59
59
59
59
59
59
59
60
60
60
60
60
60
60
61
61
61
62
62
62
62
62
62
62
62
62
62
62
62
63
63
63
63
63
63
63
63
63
63
63
63
63
63
63
63
63
64
64
64
64
64
64
64
64
64
64
64
64
64
64
64
64
64
65
65
65
65
65
65
65
65
65
65
65
65
65
65
65
65
66
66
66
66
66
67
67
67
67
68
68
68
68
68
68
68
68
69
69
69
69
69
69
69
69
69
69
70
70
70
70
70
70
70
70
70
70
70
70
70
70
71
71
71
71
71
71
71
71
71
71
71
71
71
71
71
71
72
72
72
72
72
72
72
72
72
72
72
72
72
73
73
73
73
73
74
74
74
74
75
75
75
75
75
75
75
75
75
75
75
76
76
76
76
76
76
76
76
76
76
77
77
77
77
77
77
77
77
77
77
77
77
77
77
77
78
78
78
78
78
78
78
78
78
78
78
78
78
78
79
79
79
79
79
79
79
79
79
80
80
80
80
80
80
80
80
81
81
81
81
81
81
81
82
82
82
82
82
82
82
82
82
83
83
83
83
83
83
83
83
83
84
84
84
84
84
84
84
84
84
84
84
84
84
84
84
84
84
84
84
84
85
85
85
85
85
85
85
85
85
85
85
85
85
85
85
85
85
85
86
86
86
86
86
86
86
86
87
87
87
87
87
87
87
87
87
88
88
88
88
89
89
89
89
89
89
89
89
89
89
89
90
90
90
90
90
90
90
90
90
90
90
90
90
91
91
91
91
91
91
91
91
91
91
91
91
92
92
92
92
92
92
92
92
92
93
93
93
93
93
93
93
93
93
93
94
94
94
94
94
94
94
95
95
95
95
95
95
95
95
95
96
96
96
96
96
96
96
97
97
97
97
97
97
97
97
97
97
97
97
98
98
98
98
98
98
98
98
98
98
98
98
98
98
98
99
99
99
99
99
99
99
99
99
100
100
100
100
100
100
100
100
101
101
101
101
101
101
101
101
102
102
102
102
102
102
102
102
102
102
103
103
103
103
103
103
103
103
103
103
103
104
104
104
104
104
104
104
104
104
104
104
104
104
104
104
104
105
105
105
105
105
105
105
105
105
105
105
105
105
105
106
106
106
106
106
106
106
107
107
107
107
107
107
108
108
108
108
108
109
109
109
109
109
109
109
109
109
109
109
110
110
110
110
110
110
110
110
110
110
110
110
110
110
111
111
111
111
111
111
111
112
112
112
112
112
112
112
112
112
113
113
113
113
113
113
113
113
113
114
114
114
114
114
114
114
114
114
114
115
115
115
115
116
116
116
116
116
116
116
116
116
116
117
117
117
117
117
117
117
117
117
118
118
118
118
118
118
118
118
118
119
119
119
119
119
119
119
119
119
119
120
120
120
120
120
120
120
120
120
120
120
120
120
120
121
121
121
121
121
121
121
121
121
121
121
122
122
122
122
122
122
122
122
122
123
123
123
123
123
124
124
124
124
124
124
124
124
124
124
125
125
125
125
125
125
125
125
125
125
125
126
126
126
126
126
126
126
126
126
126
126
126
126
126
127
127
127
127
127
127
127
127
127
127
127
127
127
128
128
128
128
128
129
129
129
129
129
129
130
130
130
130
130
130
130
130
130
130
130
131
131
131
131
131
131
131
131
131
131
132
132
132
132
132
132
132
132
132
133
133
133
133
133
133
133
133
133
133
134
134
134
134
134
134
134
134
134
134
134
134
135
135
135
135
135
135
135
135
135
136
136
136
136
136
136
136
137
137
137
137
137
137
138
138
138
138
138
139
139
139
139
139
139
139
139
139
139
139
139
139
139
139
140
140
140
140
140
140
140
140
140
140
141
141
141
141
141
141
141
141
141
141
141
141
141
142
142
142
142
142
142
142
142
142
142
143
143
143
143
143
144
144
144
144
144
144
144
144
145
145
145
145
145
145
145
146
146
146
146
146
146
146
146
146
146
147
147
147
147
147
147
147
147
147
147
147
147
147
147
147
148
148
148
148
148
148
148
148
148
148
148
148
148
149
149
149
149
149
149
149
149
149
149
149
150
150
150
150
150
150
150
150
150
150
150
151
151
151
151
151
151
151
151
151
152
152
152
152
152
152
152
153
153
153
153
153
153
153
153
154
154
154
154
154
154
154
154
154
154
154
154
154
154
154
154
155
155
155
155
155
155
155
155
155
155
155
156
156
156
156
156
156
157
157
157
157
157
157
157
157
158
158
158
158
158
158
158
158
159
159
159
159
159
159
159
159
159
159
160
160
160
160
160
160
160
160
160
160
160
160
160
160
160
161
161
161
161
161
161
161
161
162
162
162
162
162
162
162
162
162
162
162
162
162
163
163
163
163
163
163
163
163
163
163
164
164
164
164
165
165
165
165
165
165
165
165
165
165
165
165
166
166
166
166
166
166
166
166
166
166
166
167
167
167
167
167
167
167
167
167
167
167
167
167
167
168
168
168
168
168
168
168
168
168
168
168
168
168
169
169
169
169
169
169
169
169
170
170
170
170
170
170
170
170
170
170
170
171
171
171
172
172
172
172
172
172
173
173
173
173
173
173
173
173
173
173
173
173
174
174
174
174
174
174
174
174
174
174
174
174
174
174
174
174
174
174
174
175
175
175
175
175
175
175
175
175
175
175
175
175
176
176
176
176
176
176
176
176
176
176
176
176
176
176
176
177
177
177
177
177
177
177
177
177
177
177
178
178
178
178
178
178
178
178
178
178
178
179
179
179
179
179
179
179
179
179
180
180
180
180
180
181
181
181
181
181
181
181
181
181
181
181
181
182
182
182
182
182
182
182
182
182
182
183
183
183
183
183
183
183
183
183
183
183
183
183
184
184
184
184
184
184
184
184
184
184
185
185
185
185
185
185
185
185
185
185
185
186
186
186
186
186
186
186
186
186
186
186
187
187
187
187
187
187
187
188
188
188
188
188
188
188
188
188
188
188
189
189
189
189
189
189
189
189
189
189
189
189
190
190
190
190
190
190
190
190
190
191
191
191
191
191
191
191
191
191
192
192
192
192
192
192
192
192
192
192
192
192
192
192
192
192
192
193
193
193
193
193
193
193
193
193
193
194
194
194
194
194
194
194
194
194
195
195
195
195
195
195
195
195
195
195
195
196
196
196
196
196
196
196
196
196
196
196
196
196
196
197
197
197
197
197
197
197
197
197
197
197
197
197
197
198
198
198
198
198
198
198
198
198
198
198
198
198
198
199
199
199
199
199
200
200
200
200
200
200
200
200
200
200
200
200
200
200
201
201
201
201
201
201
201
201
201
201
201
201
201
201
201
201
201
201
201
201
201
202
202
202
202
202
202
202
202
202
202
202
202
202
203
203
203
203
203
203
203
203
203
203
203
203
203
203
204
204
204
204
204
204
204
204
204
205
205
205
205
205
205
205
205
205
205
205
205
205
205
206
206
206
206
206
206
206
206
206
206
206
206
206
207
207
207
207
207
207
207
207
208
208
208
208
208
208
208
208
208
208
208
208
208
208
208
208
208
208
208
208
208
209
209
209
209
209
209
209
209
210
210
210
210
210
210
210
210
210
210
211
211
211
211
211
211
211
211
211
211
212
212
212
212
212
212
212
212
212
212
212
212
212
212
213
213
213
213
213
213
213
213
213
213
213
214
214
214
214
214
214
214
214
214
214
214
214
214
214
214
214
215
215
215
215
215
215
215
215
215
215
215
215
215
215
215
215
216
216
216
216
216
216
216
216
216
216
216
216
217
217
217
217
217
217
217
217
217
217
217
217
217
217
217
217
218
218
218
218
218
219
219
219
219
219
219
219
219
219
219
219
220
220
220
220
220
220
220
220
220
220
220
220
220
220
220
220
221
221
221
221
221
221
221
221
221
221
221
221
222
222
222
222
222
222
222
222
222
222
222
222
223
223
223
223
223
223
223
223
223
223
223
223
223
223
223
223
223
224
224
224
224
224
224
224
224
224
224
224
225
225
225
225
225
225
225
225
226
226
226
226
226
226
226
226
226
226
226
226
226
227
227
227
227
227
227
227
227
227
227
227
227
228
228
228
228
228
228
228
228
228
228
228
228
228
228
229
229
229
229
229
229
230
230
230
230
230
230
230
230
230
230
230
230
230
230
230
230
231
231
231
231
231
231
231
231
231
231
231
231
231
231
231
231
231
231
232
232
232
232
232
232
232
232
232
232
232
232
232
233
233
233
233
233
233
233
233
233
234
234
234
234
234
234
234
234
234
234
234
235
235
235
235
235
235
235
235
235
235
235
235
235
235
236
236
236
236
236
236
236
236
236
236
237
237
237
237
237
237
237
237
237
237
237
237
237
237
237
238
238
238
238
238
238
238
238
238
238
238
238
238
238
238
239
239
239
239
239
239
239
239
239
239
239
239
239
240
240
240
240
240
240
240
240
241
241
241
241
241
241
241
241
241
242
242
242
242
242
242
242
242
242
242
242
242
242
243
243
243
243
243
243
244
244
244
244
244
244
244
244
244
244
244
244
245
245
245
245
245
245
245
245
245
245
245
245
246
246
246
246
246
246
246
247
247
247
247
247
247
247
247
247
247
247
247
247
247
247
247
247
248
248
248
248
248
249
249
249
249
249
249
249
249
250
250
250
250
250
250
250
250
250
250
250
250
250
250
250
250
251
251
251
251
251
251
251
251
251
251
251
251
251
251
252
252
252
252
252
252
252
252
252
252
253
253
253
253
253
253
253
253
253
253
253
253
253
253
253
253
254
254
254
254
254
254
254
254
254
254
254
255
255
255
255
255
255
255
255
255
255
255
255
255
255
256
256
256
256
256
256
256
257
257
257
257
257
258
258
258
258
258
258
258
258
258
258
258
258
259
259
259
259
259
259
259
259
259
259
259
260
260
260
260
260
260
260
260
260
260
260
260
261
261
261
261
261
261
261
261
261
261
261
261
261
261
261
262
262
262
262
262
262
262
263
263
263
263
263
263
263
263
264
264
264
264
264
264
264
264
264
265
265
265
265
265
265
266
266
266
266
266
266
266
266
266
266
267
267
267
267
267
267
267
267
267
267
267
267
268
268
268
268
268
268
268
268
268
268
268
268
269
269
269
269
269
269
269
269
269
269
269
270
270
270
270
270
270
270
271
271
271
272
272
272
272
272
272
272
273
273
273
273
273
273
273
273
273
273
274
274
274
274
274
274
274
274
274
274
274
274
274
274
275
275
275
275
275
275
275
275
275
275
275
275
275
275
275
275
276
276
276
276
276
276
276
277
277
277
277
277
277
277
277
277
277
277
278
278
278
278
278
278
278
279
279
279
279
279
279
279
280
280
280
280
280
280
280
281
281
281
281
281
281
281
281
282
282
282
282
282
282
282
282
282
282
283
283
283
283
283
283
283
283
283
284
284
284
284
284
284
285
285
285
285
285
285
285
285
285
285
285
286
286
286
287
287
287
287
287
287
287
287
287
287
287
287
287
287
288
288
288
288
288
288
288
288
288
289
289
289
289
289
289
289
289
289
290
290
290
290
290
290
290
290
290
291
291
291
291
292
292
292
292
292
293
293
293
293
294
294
294
294
294
295
295
295
295
295
295
296
296
296
296
296
296
297
297
297
297
298
298
298
298
298
298
298
299
299
299
299
299
299
299
299
300
300
300
301
301
301
301
301
301
301
301
301
301
301
302
302
302
302
302
302
302
303
303
303
304
304
304
305
305
305
305
305
305
305
305
306
306
306
306
306
306
306
306
306
306
306
307
307
307
307
307
308
308
308
308
308
308
308
308
309
309
309
309
309
309
310
311
311
311
311
311
312
312
312
313
313
313
313
313
313
313
314
314
314
314
314
314
314
315
315
315
315
315
315
315
316
316
316
316
316
316
316
316
317
317
317
318
319
319
319
320
320
320
320
320
321
321
321
321
321
321
322
322
322
322
322
322
322
323
323
323
323
323
323
323
323
323
323
324
324
324
325
325
325
326
326
326
326
327
327
327
327
328
328
328
329
329
329
329
330
330
330
330
331
331
331
331
331
332
332
332
332
332
332
332
333
333
333
333
334
334
334
335
335
335
335
335
336
336
336
336
337
337
337
337
337
338
338
338
338
338
338
338
339
339
339
340
340
340
340
340
340
341
341
341
341
342
342
343
343
343
344
345
345
345
346
346
347
347
348
348
348
348
348
348
349
349
350
350
350
350
351
351
351
352
352
352
352
353
353
354
354
354
354
354
355
355
355
355
355
355
356
356
356
356
356
356
357
357
357
357
357
358
359
359
359
359
359
360
360
360
360
361
361
361
361
361
362
362
362
362
363
364
364
364
364
364
365
365
367
367
367
367
367
367
368
368
368
369
369
369
369
370
370
370
370
370
370
371
371
371
371
373
373
374
374
374
375
375
375
375
375
375
376
376
377
377
377
378
378
378
378
378
379
379
379
381
381
381
381
382
382
382
382
382
382
383
383
383
383
384
384
384
385
385
386
386
386
386
387
387
387
387
387
387
387
388
389
389
389
390
390
391
391
392
392
392
392
393
393
393
393
393
395
395
395
395
396
396
396
396
396
397
397
398
399
399
399
400
402
403
403
404
404
404
404
404
404
404
405
405
405
405
406
406
406
407
407
407
408
408
409
409
409
409
410
411
411
412
412
413
413
413
414
414
414
415
415
415
415
415
415
416
416
416
417
417
417
419
419
420
420
420
420
420
421
421
421
421
422
423
424
424
424
425
425
425
426
426
426
426
427
428
428
429
430
430
431
431
432
432
432
432
433
433
434
434
435
435
435
436
436
436
437
438
438
438
439
439
439
440
441
441
441
441
442
442
443
443
443
443
444
444
444
444
445
445
445
446
446
446
447
447
448
448
448
449
450
450
451
452
452
452
452
452
453
453
453
454
454
455
455
455
456
456
457
457
457
458
458
459
459
460
460
461
461
461
462
463
464
464
464
464
465
466
466
466
467
467
468
468
468
469
469
470
470
470
471
471
471
472
473
473
474
474
475
476
476
476
476
477
477
477
478
478
479
480
480
481
481
481
481
481
482
482
483
483
483
483
483
484
484
485
486
486
486
487
488
488
488
489
489
489
489
490
490
490
490
490
491
491
491
492
493
493
493
493
493
494
495
495
496
496
497
498
499
499
499
499
499
500
500
500
501
501
501
502
502
503
503
503
504
504
505
506
506
507
508
508
510
510
510
510
510
511
511
512
512
512
513
513
513
514
514
515
516
516
517
519
519
520
520
520
521
521
521
521
522
522
522
523
523
524
524
526
526
527
527
528
528
528
529
529
529
530
530
530
530
531
532
532
532
533
534
535
535
536
536
537
537
539
539
539
540
540
540
541
541
541
542
542
544
545
546
546
546
546
546
547
547
548
549
549
549
549
549
550
550
550
551
551
551
552
552
553
553
553
554
556
557
557
557
558
559
559
560
561
562
562
563
564
564
565
566
566
567
567
567
568
568
568
569
569
570
571
576
576
577
578
579
580
580
581
581
582
583
583
584
584
585
586
590
591
591
591
591
592
594
595
595
596
597
597
597
597
598
599
599
600
603
603
603
605
605
606
609
609
612
613
615
615
616
620
620
622
624
626
627
627
630
637
640
648
651
653
656
659
663
665
669
675
678
681
681
700
704
714
1225
1249
1350
1373
1411
1438
1468
1484
1495
1560
1569
1614
1622
1633
1645
1647
1659
1676
1687
1691
1691
1706
1713
1733
1743
1744
1745
1747
1753
1758
1760
1762
1787
1787
1792
1795
1795
1795
1801
1802
1808
1823
1824
1844
1845
1852
1862
1866
1874
1882
1884
1893
1912
1914
1917
1921
1925
1927
1927
1930
1935
1940
1942
1945
1949
1953
1953
1958
1963
1979
1998
2002
2019
2022
2033
2036
2039
2046
2047
2051
2065
2092
2097
2111
2114
2115
2116
2140
2169
2175
2182
2184
2185
2187
2188
2190
2198
2215
2220
2232
2238
2247
2252
2264
2275
2276
2285
2286
2293
2297
2305
2347
2357
2359
2362
2366
2374
2387
2404
2409
2416
2426
2434
2435
2437
2439
2443
2444
2445
2449
2457
2471
2479
2480
2489
2491
2500
2515
2520
2547
2558
2590
2606
2620
2635

