-724
-709
-668
-636
-636
-623
-617
-615
-613
-607
-604
-603
-602
-601
-600
-599
-598
-597
-588
-584
-583
-583
-578
-576
-576
-576
-575
-575
-573
-571
-570
-569
-567
-567
-562
-562
-561
-560
-559
-558
-558
-557
-556
-555
-555
-555
-554
-552
-551
-548
-546
-546
-545
-545
-545
-542
-541
-541
-540
-540
-535
-529
-517
-512
-508
-505
-504
-498
-498
-496
-494
-489
-487
-486
-486
-485
-484
-483
-480
-480
-479
-479
-475
-473
-460
-457
-456
-453
-452
-451
-451
-451
-448
-447
-443
-443
-442
-441
-441
-440
-439
-438
-436
-434
-432
-432
-431
-431
-431
-429
-429
-428
-428
-426
-426
-424
-424
-424
-423
-423
-423
-421
-419
-418
-418
-417
-416
-416
-411
-409
-406
-406
-399
-397
-388
-384
-377
-370
-369
-360
-350
-348
-347
-347
-346
-343
-343
-330
-326
-306
-297
-296
-296
-295
-292
-292
-290
-287
-285
-282
-281
-272
-272
-271
-269
-268
-267
-264
-263
-260
-259
-259
-258
-257
-256
-256
-255
-250
-249
-248
-246
-245
-244
-243
-242
-241
-240
-240
-239
-239
-239
-236
-236
-235
-234
-233
-230
-230
-230
-229
-229
-228
-228
-227
-227
-224
-224
-223
-223
-223
-221
-220
-220
-220
-218
-218
-216
-216
-215
-215
-210
-210
-209
-209
-209
-209
-208
-208
-208
-208
-208
-207
-207
-206
-203
-202
-201
-201
-201
-201
-200
-200
-199
-198
-198
-197
-197
-197
-197
-196
-195
-195
-195
-194
-194
-193
-193
-191
-191
-190
-190
-190
-189
-188
-187
-187
-187
-187
-186
-185
-185
-185
-184
-183
-182
-182
-182
-182
-181
-180
-180
-179
-177
-176
-176
-175
-175
-175
-175
-175
-175
-175
-175
-174
-173
-172
-172
-169
-168
-168
-168
-168
-168
-168
-168
-168
-168
-168
-167
-167
-167
-167
-163
-163
-162
-162
-162
-162
-161
-161
-161
-161
-161
-161
-161
-160
-160
-160
-160
-160
-160
-160
-158
-158
-157
-157
-156
-156
-155
-155
-154
-154
-154
-154
-154
-154
-154
-154
-154
-154
-153
-153
-153
-153
-152
-150
-150
-150
-150
-149
-148
-148
-148
-148
-147
-146
-145
-145
-145
-145
-144
-144
-144
-144
-143
-142
-142
-142
-141
-141
-141
-141
-140
-140
-140
-140
-140
-139
-139
-139
-138
-138
-138
-138
-138
-137
-137
-137
-136
-136
-136
-136
-135
-135
-134
-134
-134
-134
-133
-133
-133
-133
-133
-133
-133
-133
-132
-132
-132
-132
-132
-131
-131
-131
-131
-131
-131
-131
-130
-130
-128
-128
-128
-127
-126
-126
-126
-126
-126
-125
-125
-125
-125
-125
-125
-124
-124
-124
-124
-124
-124
-124
-124
-124
-124
-124
-124
-124
-123
-123
-123
-123
-123
-123
-123
-122
-121
-121
-121
-120
-120
-120
-119
-119
-119
-119
-119
-118
-118
-118
-118
-118
-118
-118
-118
-117
-117
-117
-117
-117
-117
-117
-117
-117
-116
-116
-116
-115
-115
-113
-113
-113
-112
-112
-112
-112
-112
-112
-112
-112
-112
-111
-111
-111
-111
-110
-110
-110
-110
-110
-110
-110
-110
-110
-109
-109
-109
-109
-109
-108
-108
-107
-107
-106
-106
-106
-105
-105
-105
-105
-105
-105
-105
-104
-104
-104
-104
-104
-104
-103
-103
-103
-103
-103
-103
-103
-103
-103
-102
-102
-102
-102
-102
-101
-101
-101
-101
-101
-101
-100
-99
-99
-99
-99
-99
-99
-98
-98
-98
-98
-98
-97
-97
-97
-97
-97
-96
-96
-96
-96
-96
-96
-96
-96
-96
-95
-95
-95
-95
-95
-95
-95
-94
-94
-93
-93
-93
-93
-92
-92
-92
-92
-92
-92
-91
-91
-91
-91
-91
-91
-91
-91
-91
-91
-90
-90
-90
-90
-90
-90
-90
-90
-89
-89
-89
-89
-89
-89
-89
-89
-88
-88
-88
-88
-88
-88
-88
-88
-87
-87
-87
-87
-87
-87
-86
-86
-86
-85
-85
-85
-85
-85
-85
-85
-85
-84
-84
-84
-84
-84
-84
-83
-83
-83
-83
-83
-83
-83
-82
-82
-82
-82
-82
-82
-82
-82
-82
-82
-82
-82
-82
-82
-82
-82
-81
-81
-81
-81
-81
-81
-81
-81
-81
-81
-80
-80
-80
-80
-79
-79
-79
-79
-79
-79
-78
-78
-78
-78
-78
-78
-78
-78
-78
-78
-77
-77
-77
-77
-77
-77
-77
-77
-76
-76
-76
-76
-76
-76
-76
-76
-76
-76
-76
-76
-75
-75
-75
-75
-75
-75
-75
-75
-75
-75
-75
-75
-75
-75
-75
-75
-75
-74
-74
-74
-74
-74
-74
-74
-74
-74
-74
-74
-73
-73
-72
-72
-71
-71
-71
-71
-71
-71
-71
-71
-71
-71
-71
-70
-70
-70
-70
-70
-70
-70
-70
-70
-70
-70
-70
-70
-70
-69
-69
-69
-69
-69
-69
-69
-68
-68
-68
-68
-68
-68
-68
-68
-68
-68
-68
-68
-68
-68
-68
-68
-68
-68
-68
-68
-68
-68
-68
-68
-68
-68
-68
-68
-68
-67
-67
-67
-67
-67
-67
-67
-67
-67
-67
-67
-67
-67
-66
-66
-66
-66
-66
-65
-65
-65
-65
-65
-64
-64
-64
-64
-63
-63
-63
-63
-63
-63
-63
-63
-63
-63
-63
-62
-62
-62
-62
-62
-62
-62
-62
-62
-62
-62
-61
-61
-61
-61
-61
-61
-61
-61
-61
-61
-61
-61
-61
-61
-61
-61
-61
-61
-61
-61
-61
-61
-61
-61
-61
-60
-60
-60
-60
-60
-60
-60
-60
-60
-60
-59
-59
-59
-59
-59
-59
-59
-59
-59
-59
-59
-59
-59
-59
-59
-58
-58
-58
-58
-58
-58
-58
-58
-58
-58
-58
-57
-57
-56
-56
-56
-56
-56
-56
-56
-56
-56
-55
-55
-55
-55
-55
-55
-55
-55
-55
-55
-54
-54
-54
-54
-54
-54
-54
-54
-54
-54
-54
-54
-54
-54
-54
-54
-54
-54
-54
-54
-54
-54
-53
-53
-53
-53
-53
-53
-53
-53
-53
-53
-53
-53
-53
-53
-53
-53
-52
-52
-52
-52
-52
-52
-52
-52
-51
-51
-51
-51
-51
-51
-51
-51
-51
-51
-51
-51
-51
-51
-51
-51
-51
-51
-50
-50
-50
-50
-50
-49
-49
-49
-49
-49
-49
-49
-48
-48
-48
-48
-48
-48
-48
-48
-48
-48
-47
-47
-47
-47
-47
-47
-47
-47
-47
-47
-47
-47
-47
-47
-47
-47
-47
-47
-47
-47
-47
-47
-47
-46
-46
-46
-46
-46
-46
-46
-46
-46
-46
-46
-46
-46
-46
-46
-46
-46
-46
-46
-46
-46
-46
-46
-46
-46
-46
-46
-46
-45
-45
-45
-45
-45
-45
-44
-44
-44
-44
-44
-44
-44
-44
-44
-44
-43
-43
-43
-43
-43
-43
-43
-43
-43
-43
-43
-43
-42
-42
-42
-42
-42
-42
-42
-42
-42
-42
-41
-41
-41
-41
-41
-41
-40
-40
-40
-40
-40
-40
-40
-40
-40
-40
-40
-40
-39
-39
-39
-39
-39
-39
-39
-39
-39
-39
-39
-39
-39
-39
-39
-39
-39
-39
-39
-39
-39
-39
-39
-39
-39
-39
-39
-39
-39
-38
-38
-38
-38
-38
-38
-37
-37
-37
-37
-37
-37
-37
-37
-36
-36
-36
-36
-36
-36
-36
-36
-35
-35
-35
-35
-35
-35
-35
-35
-35
-35
-35
-34
-34
-34
-34
-34
-34
-34
-34
-34
-34
-34
-34
-34
-33
-33
-33
-33
-33
-33
-33
-33
-33
-33
-32
-32
-32
-32
-32
-32
-32
-32
-32
-32
-32
-32
-32
-32
-32
-32
-32
-32
-32
-32
-32
-32
-32
-32
-32
-32
-32
-32
-32
-31
-31
-31
-31
-31
-31
-31
-30
-30
-30
-30
-30
-29
-29
-29
-29
-29
-29
-29
-29
-29
-28
-28
-28
-28
-28
-28
-28
-28
-28
-28
-28
-28
-28
-28
-27
-27
-27
-27
-27
-27
-27
-27
-27
-27
-27
-27
-27
-27
-26
-26
-26
-26
-26
-26
-26
-26
-26
-26
-26
-26
-25
-25
-25
-25
-25
-25
-25
-25
-25
-25
-25
-25
-25
-25
-25
-25
-25
-25
-25
-25
-25
-25
-25
-25
-25
-25
-25
-25
-25
-25
-25
-25
-25
-24
-24
-24
-22
-22
-21
-21
-21
-21
-21
-21
-21
-21
-21
-20
-20
-20
-20
-20
-20
-20
-20
-20
-20
-20
-20
-20
-20
-20
-20
-20
-20
-20
-20
-19
-19
-19
-19
-19
-19
-19
-19
-19
-19
-19
-19
-19
-19
-19
-19
-19
-19
-19
-19
-19
-19
-18
-18
-18
-18
-18
-18
-18
-18
-18
-18
-18
-18
-18
-18
-18
-18
-18
-18
-18
-18
-18
-18
-18
-18
-18
-18
-18
-18
-18
-18
-18
-18
-18
-18
-18
-18
-18
-17
-17
-16
-13
-13
-13
-13
-13
-13
-12
-12
-12
-12
-12
-12
-12
-12
-12
-12
-12
-12
-12
-12
-12
-12
-12
-12
-12
-12
-12
-12
-12
-11
-11
-11
-11
-11
-11
-11
-11
-11
-11
-11
-11
-11
-11
-11
-11
-11
-11
-11
-11
-11
-11
-11
-11
-11
-11
-11
-11
-11
-11
-11
-10
-10
-10
-10
-10
-10
-10
-10
-10
-10
-10
-10
-10
-10
-10
-10
-10
-10
-10
-10
-10
-10
-10
-10
-10
-10
-10
-10
-10
-10
-4
-4
-4
-4
-4
-4
-4
-4
-4
-4
-4
-4
-4
-4
-4
-4
-4
-4
-4
-4
-4
-4
-4
-4
-4
-4
-3
-3
-3
-3
-3
-3
-3
-3
-3
-3
-3
-3
-3
-3
-3
-3
-3
-3
-3
-3
-3
-3
-3
-3
-3
-3
-3
-3
-3
-3
-3
-3
-3
-3
-3
-3
-3
-3
-3
-3
-3
-3
-3
-3
-3
-3
-3
-3
-3
-3
-3
-3
-3
-3
-3
-3
-3
1
2
3
3
3
3
3
3
3
3
3
3
3
3
3
3
3
3
3
3
3
3
3
3
3
3
3
3
3
3
3
3
3
3
3
3
3
3
3
3
3
3
3
3
3
3
3
3
3
3
3
3
3
3
3
3
3
3
3
3
3
3
3
3
3
3
3
3
3
3
3
4
4
4
4
4
4
4
4
4
4
4
4
4
4
4
4
4
6
6
7
7
7
7
7
7
8
8
8
8
9
9
9
9
10
10
10
10
10
10
10
10
10
10
10
10
10
10
10
10
10
10
10
10
10
10
10
10
10
10
10
10
10
10
10
10
10
10
11
11
11
11
11
11
11
11
11
11
11
11
11
11
11
11
11
11
11
11
11
11
11
11
11
11
11
11
11
11
11
11
11
11
11
11
11
11
12
12
12
12
12
12
12
12
12
12
12
12
12
12
12
12
12
12
13
13
13
13
13
13
13
13
13
13
14
14
14
14
14
14
14
14
14
14
14
14
14
14
14
15
15
15
15
15
15
15
15
15
15
15
15
16
16
16
16
16
16
16
16
17
17
17
17
17
17
17
17
17
17
17
17
17
17
17
17
17
18
18
18
18
18
18
18
18
18
18
18
18
18
18
18
18
18
18
18
18
18
18
18
18
18
18
18
18
18
18
18
18
18
18
18
18
18
18
18
18
18
18
18
18
18
18
18
18
18
18
18
18
18
18
19
19
19
19
19
19
19
19
19
19
19
19
19
19
19
19
19
19
19
19
19
19
19
19
19
19
19
19
19
19
19
19
19
19
19
19
19
19
20
20
20
20
20
20
20
20
20
20
20
20
20
20
20
20
20
20
20
20
20
20
20
20
20
20
20
20
21
21
21
21
21
21
21
21
21
21
21
21
21
21
21
21
22
22
22
22
22
22
22
22
22
22
22
23
23
23
23
23
23
23
23
23
23
23
23
23
23
23
23
23
23
24
24
24
24
24
24
24
24
24
24
24
24
24
24
25
25
25
25
25
25
25
25
25
25
25
25
25
25
25
25
25
25
25
25
25
25
25
25
25
25
25
25
25
25
25
25
25
25
25
25
25
25
25
25
25
25
25
25
25
25
25
25
25
26
26
26
26
26
26
26
26
26
26
26
26
26
26
26
26
26
26
26
26
26
26
26
26
26
26
26
26
26
26
27
27
27
27
27
27
27
27
27
27
27
27
27
27
27
27
27
27
27
27
27
27
27
27
27
27
27
28
28
28
28
28
28
28
28
28
28
28
28
28
28
28
28
28
28
28
28
29
29
29
29
29
29
29
29
29
29
29
29
29
29
29
29
29
29
29
29
29
29
29
29
29
30
30
30
30
30
30
30
30
30
30
30
30
30
30
30
30
30
30
31
31
31
31
31
31
31
31
31
31
31
31
31
32
32
32
32
32
32
32
32
32
32
32
32
32
32
32
32
32
32
32
32
32
32
32
32
32
32
32
32
32
32
32
32
33
33
33
33
33
33
33
33
33
33
33
33
33
33
33
33
33
33
33
33
33
33
33
33
33
33
33
33
33
33
33
33
33
33
33
34
34
34
34
34
34
34
34
34
34
34
34
34
34
34
34
34
34
34
34
34
34
34
34
34
34
34
34
34
34
34
34
34
35
35
35
35
35
35
35
35
35
35
35
35
35
35
35
35
35
35
35
35
35
35
35
35
35
35
35
35
35
35
35
35
35
35
35
35
36
36
36
36
36
36
36
36
36
36
36
36
36
36
36
36
36
36
36
36
36
36
36
36
36
36
36
37
37
37
37
37
37
37
37
37
37
37
37
37
37
37
37
37
37
37
37
37
37
37
37
38
38
38
38
38
38
38
38
38
38
38
38
38
38
38
38
38
38
38
38
38
38
38
38
38
38
38
39
39
39
39
39
39
39
39
39
39
39
39
39
39
39
39
39
39
39
39
39
39
39
39
39
40
40
40
40
40
40
40
40
40
40
40
40
40
40
40
40
40
40
40
40
40
40
40
40
40
40
40
40
40
40
40
40
40
40
40
40
40
40
40
40
40
40
40
40
40
40
40
40
40
40
40
40
40
41
41
41
41
41
41
41
41
41
41
41
41
41
41
41
41
41
41
41
41
41
41
41
41
41
41
41
41
41
41
41
41
41
41
41
41
41
41
42
42
42
42
42
42
42
42
42
42
42
42
42
42
42
42
42
42
42
42
42
42
43
43
43
43
43
43
43
43
43
43
43
43
43
43
43
43
43
43
43
43
43
43
43
43
43
43
43
43
44
44
44
44
44
44
44
44
44
44
44
44
44
44
44
44
44
44
45
45
45
45
45
45
45
45
45
45
45
45
45
45
46
46
46
46
46
46
46
46
46
46
47
47
47
47
47
47
47
47
47
47
47
47
47
47
47
47
47
47
47
47
47
47
47
48
48
48
48
48
48
48
48
48
48
48
48
48
48
48
48
48
48
48
48
48
48
48
48
49
49
49
49
49
49
49
49
49
49
49
49
49
49
49
49
50
50
50
50
50
50
50
50
50
50
50
50
50
50
50
50
51
51
51
51
51
51
51
51
51
51
52
52
52
52
53
53
53
54
54
54
54
54
54
55
55
55
55
55
55
55
55
55
55
55
55
55
55
55
55
55
55
55
55
56
56
56
56
56
56
56
56
56
56
57
57
57
57
57
57
57
57
57
57
57
57
57
58
58
58
58
58
58
58
58
58
58
58
58
58
59
59
59
59
59
59
59
59
60
61
61
62
62
62
62
62
62
62
62
62
63
63
63
63
63
63
63
63
63
63
63
63
63
63
63
63
63
63
64
64
64
64
64
64
64
64
64
64
65
65
65
65
65
65
65
65
65
65
65
66
66
66
66
66
66
67
67
67
67
67
68
68
68
68
68
69
69
69
69
69
70
70
70
70
70
70
70
70
70
70
70
71
71
71
71
71
71
71
71
71
71
71
71
71
71
71
71
71
71
71
72
72
72
72
72
72
73
73
73
73
73
73
73
73
74
74
74
74
74
74
74
74
75
75
75
75
75
75
76
76
76
76
77
77
77
77
77
77
77
77
77
77
78
78
78
78
78
78
78
78
78
78
78
79
79
79
79
79
79
79
79
79
79
80
80
80
80
80
80
80
80
80
81
81
81
81
81
81
81
81
81
81
82
82
82
82
82
82
82
82
82
83
83
83
83
83
84
84
84
85
85
85
85
85
85
85
85
85
85
85
85
85
85
85
85
86
86
86
86
86
86
86
86
86
86
86
86
86
86
86
86
86
87
87
87
87
87
87
87
87
87
88
88
88
88
89
89
89
89
89
89
89
89
90
90
90
90
90
90
90
91
91
91
91
92
92
92
92
92
92
92
93
93
93
93
93
93
93
93
93
93
93
93
93
93
93
93
93
93
93
93
93
93
93
93
93
93
93
93
94
94
94
94
94
94
94
94
94
94
94
94
94
95
95
95
95
95
95
95
95
95
95
96
96
96
96
96
96
96
96
96
97
97
97
97
97
97
98
98
98
98
98
99
99
99
99
99
99
100
100
100
100
100
100
100
100
100
100
100
100
100
100
100
100
100
101
101
101
101
101
101
101
101
101
101
101
101
101
101
101
101
101
101
101
101
101
101
101
101
102
102
102
102
102
102
102
102
102
102
103
104
104
104
104
104
104
104
104
104
105
105
105
105
105
105
105
105
105
105
105
106
106
106
106
107
107
107
107
107
107
107
108
108
108
108
108
108
108
108
108
108
108
108
108
108
108
108
108
108
109
109
109
109
109
109
109
109
109
109
109
109
109
109
109
109
109
110
110
110
110
110
110
110
110
110
111
111
111
111
111
111
111
111
111
111
111
112
112
112
112
112
112
112
113
113
113
113
113
113
114
114
114
115
115
115
115
115
115
115
115
115
116
116
116
116
116
116
116
116
116
116
116
116
116
116
116
116
117
117
117
117
117
117
117
117
117
117
117
117
117
118
118
118
118
118
118
118
118
118
118
118
118
118
118
119
119
119
119
119
119
120
120
120
120
120
120
120
120
121
121
121
121
121
121
121
121
121
121
122
122
122
122
123
123
123
123
123
123
123
123
123
123
124
124
124
124
124
124
124
124
124
124
124
124
124
124
124
124
124
124
124
124
125
125
125
125
125
125
125
125
125
126
126
126
126
126
126
126
127
127
127
127
128
128
128
128
128
128
128
128
128
128
128
128
128
129
129
129
129
129
129
129
129
129
130
130
131
131
131
131
131
132
132
132
132
132
132
132
132
132
132
132
132
132
132
132
133
133
133
133
133
133
133
133
133
133
134
134
134
134
134
134
134
134
134
134
135
135
135
135
135
135
135
135
136
136
136
136
136
136
136
136
137
137
137
137
137
137
137
137
138
138
138
138
138
138
139
139
139
139
139
139
140
140
140
140
140
140
140
140
140
140
140
140
140
141
141
141
141
141
141
141
142
142
142
142
142
142
143
143
143
143
143
143
143
144
144
144
144
145
145
145
145
145
145
145
145
146
146
146
146
146
146
146
146
146
146
146
147
147
147
147
147
147
147
147
147
147
147
148
148
148
148
148
148
148
148
148
148
148
148
148
149
149
149
149
149
149
150
150
150
150
150
151
151
151
151
151
151
151
151
151
151
151
152
152
152
152
152
153
153
153
153
153
153
153
153
154
154
154
154
154
154
154
155
155
155
155
155
155
155
155
155
155
156
156
156
156
156
156
156
156
156
156
156
157
157
157
157
157
157
157
157
157
157
157
158
158
158
158
158
159
159
159
159
159
160
160
160
160
160
160
161
161
161
161
162
162
162
162
162
162
162
162
162
162
162
162
162
163
163
163
163
163
164
164
164
164
164
164
164
164
164
165
165
165
165
166
166
166
166
166
166
167
167
167
167
167
167
167
167
167
168
168
168
168
168
168
168
168
169
169
169
169
169
169
169
170
170
170
170
170
170
170
170
170
170
171
171
171
171
171
171
171
171
171
171
171
172
172
172
172
172
172
172
172
173
173
173
173
173
173
173
173
173
174
174
174
174
174
175
175
175
175
176
176
176
176
176
176
176
176
176
176
176
177
177
177
177
177
177
178
178
178
178
178
178
178
178
178
178
178
179
179
179
179
179
180
180
180
180
181
181
181
182
182
182
182
182
182
182
182
182
182
183
183
183
183
183
183
183
183
183
184
184
184
185
185
185
185
185
185
185
185
185
186
186
186
186
186
186
186
186
186
186
187
187
187
188
188
189
189
189
189
189
189
189
190
190
190
190
190
191
191
191
191
191
191
191
192
192
192
192
192
192
192
192
192
192
192
192
193
193
193
193
193
193
193
193
193
194
194
194
194
194
194
194
195
195
195
196
196
197
197
197
197
197
198
198
198
198
199
199
200
200
200
200
200
200
200
200
201
201
201
201
201
201
201
201
202
202
202
202
202
202
202
202
202
203
203
203
203
203
204
204
204
204
204
204
204
204
205
205
205
205
205
205
205
206
206
206
206
206
206
207
207
207
208
208
208
208
208
208
209
209
209
209
209
209
209
210
210
211
211
211
212
212
212
212
212
212
213
213
213
214
214
214
215
215
216
216
216
217
217
217
217
217
218
218
218
218
218
218
219
219
219
219
220
220
220
220
220
221
221
221
221
221
222
222
222
223
223
223
223
223
224
224
225
225
226
226
226
226
227
227
227
227
228
228
228
228
228
228
229
229
229
229
230
231
231
232
232
232
232
233
233
233
234
234
235
235
235
235
235
236
236
236
236
237
237
237
238
238
238
239
239
240
240
240
241
241
241
242
242
243
243
243
244
244
244
244
245
245
246
246
246
246
246
246
247
247
247
247
247
247
247
247
248
248
248
249
249
250
251
251
252
252
253
253
254
254
255
256
256
256
256
257
257
259
259
259
259
260
260
261
261
261
261
262
262
262
263
264
264
264
265
265
266
266
267
268
268
269
270
270
270
272
272
273
273
273
274
274
274
274
274
275
275
275
276
276
277
279
279
281
281
282
282
282
282
282
282
283
284
284
285
285
285
286
287
287
288
288
288
289
289
291
291
292
293
293
293
293
294
296
298
298
298
298
300
300
300
300
300
301
301
301
302
303
304
304
304
305
306
307
308
308
309
311
312
312
312
313
313
313
314
315
315
316
319
319
319
319
320
320
320
322
322
323
325
326
327
327
327
328
328
328
329
330
331
333
333
334
334
335
336
336
337
337
337
337
338
339
339
339
341
343
343
343
344
344
345
346
347
348
349
349
349
350
352
352
352
353
353
353
355
355
356
357
357
358
358
359
359
359
360
360
361
361
361
362
362
362
362
364
368
368
368
368
368
368
368
368
369
369
370
371
372
374
374
375
375
375
375
376
376
377
377
377
378
380
380
381
382
383
383
383
384
384
387
387
387
388
388
389
389
389
390
391
391
391
392
393
393
393
393
395
395
396
396
397
397
400
400
400
400
401
401
403
403
404
404
404
405
405
405
406
407
408
409
409
409
410
411
411
412
412
412
412
412
414
414
415
415
415
417
417
418
420
420
420
423
423
424
424
424
429
431
432
434
435
439
442
443
444
444
445
448
449
451
452
454
459
459
469
491
492
495
499
501
501
507
510
521
522
531
539
539
545
550
550
552
566
570
571
571
573
576
578
579
581
582
585
588
597
598
601
601
605
605
606
610
616
620
621
627
628
628
629
631
631
634
635
636
639
640
641
642
642
643
644
644
644
644
644
644
645
646
646
646
647
648
648
648
651
651
652
652
654
654
655
655
656
656
657
658
659
660
660
660
660
664
665
666
666
667
668
669
669
670
670
671
671
672
673
673
674
674
675
675
676
677
678
678
680
680
680
681
681
682
684
686
686
688
688
693
693
694
694
695
696
696
697
697
697
698
698
698
698
698
699
699
699
699
700
700
700
700
701
701
702
702
702
702
702
703
705
705
706
706
706
707
707
707
707
707
707
708
708
708
708
710
711
712
712
714
714
714
714
715
715
716
717
717
717
717
717
718
720
720
721
721
722
722
723
723
724
724
724
724
725
726
726
726
727
728
728
729
729
729
729
730
730
730
730
731
731
731
732
732
733
733
733
734
734
734
735
735
736
737
739
739
740
741
741
741
742
742
742
742
742
742
744
744
744
744
745
745
745
746
746
746
747
747
748
748
748
748
748
748
748
749
749
749
749
750
750
751
751
751
751
752
752
752
752
753
754
754
755
756
757
757
759
759
759
759
759
759
760
760
760
760
760
760
761
761
761
761
761
762
762
762
762
762
763
763
763
763
764
764
765
765
765
765
765
765
766
766
767
767
767
768
768
769
769
770
770
771
771
771
771
772
772
772
773
774
774
775
775
775
775
775
775
776
776
777
778
778
778
779
779
780
780
780
780
780
781
781
781
782
782
783
783
783
783
783
784
784
784
784
784
785
785
785
785
786
786
786
786
786
786
786
787
787
787
788
788
788
788
788
789
790
790
790
790
791
791
791
791
792
792
792
792
793
793
793
793
793
793
793
794
794
794
794
794
795
795
795
796
796
796
796
796
796
796
796
797
797
797
797
797
798
798
798
798
799
799
800
801
801
801
801
802
802
802
802
802
802
802
803
803
804
804
804
804
804
805
805
805
805
805
805
806
806
806
806
806
807
808
808
809
809
809
810
810
810
810
810
810
811
811
811
811
812
812
812
813
813
813
813
813
813
814
814
814
814
814
815
815
815
815
815
816
816
816
816
816
817
817
817
817
817
817
817
818
818
818
818
819
819
819
820
820
821
821
821
821
821
821
822
822
823
823
824
824
824
825
825
825
826
826
826
827
827
827
827
827
827
827
827
827
829
830
830
830
830
831
831
831
831
832
832
832
833
833
833
834
834
834
834
835
835
835
835
836
836
836
836
836
836
836
837
837
837
837
837
837
837
837
837
837
838
838
838
838
838
838
839
839
839
839
839
840
840
840
840
840
841
841
841
841
841
842
842
842
842
843
843
843
843
843
843
843
844
844
844
844
844
844
844
844
845
845
845
845
845
846
846
846
846
846
846
847
847
847
847
847
847
847
847
847
848
848
848
848
849
849
849
849
849
850
850
850
850
850
850
851
852
852
853
853
853
853
853
854
854
854
855
855
855
855
855
856
856
856
857
857
857
857
857
857
858
858
858
858
858
858
859
859
859
859
859
859
859
859
859
860
860
861
861
862
862
862
862
862
862
863
863
863
863
863
864
864
864
864
864
864
864
865
865
865
865
866
866
866
867
867
868
868
868
868
868
868
868
869
869
870
870
870
870
870
870
871
871
871
871
871
872
872
872
873
873
873
873
873
873
874
874
875
875
875
875
876
876
876
876
876
876
877
877
877
877
877
877
878
878
878
879
879
879
879
879
879
880
880
880
881
881
881
881
881
882
882
882
883
883
883
883
884
884
884
884
884
885
885
886
886
886
886
887
887
887
887
887
887
888
888
888
889
889
889
890
890
890
891
891
891
891
891
891
892
892
892
892
892
892
892
892
892
893
893
893
893
893
894
894
894
895
895
896
896
896
897
897
898
898
898
899
899
899
899
899
899
899
900
900
900
900
901
901
901
902
902
902
902
902
903
903
903
903
904
904
904
904
904
905
906
906
906
906
906
906
906
907
907
907
907
908
908
908
908
909
909
909
909
909
910
910
910
910
910
910
911
911
911
911
911
912
912
912
913
913
913
913
913
913
914
914
915
915
916
916
916
916
916
917
917
917
917
917
917
917
917
918
918
918
919
919
920
920
920
920
920
920
921
921
921
922
922
922
922
923
923
923
923
924
924
924
924
925
925
926
926
926
926
926
926
927
927
927
927
927
927
928
928
928
928
929
929
929
929
930
930
930
930
930
930
930
930
931
931
931
931
932
932
932
932
933
934
934
934
934
934
935
935
935
935
935
936
936
936
936
936
936
937
937
937
937
937
938
938
938
938
938
938
939
939
939
939
939
940
940
940
940
940
940
941
941
941
941
941
941
941
941
941
942
942
942
942
943
943
943
944
944
945
945
945
945
946
947
947
947
947
947
948
948
948
949
949
949
949
949
950
950
950
950
950
950
951
951
951
951
951
952
952
952
952
952
952
952
953
953
953
953
953
954
954
954
954
954
954
954
955
955
956
956
956
957
957
957
957
957
958
958
958
959
959
959
959
959
959
960
960
960
960
960
961
962
962
962
962
962
962
962
962
963
963
963
964
964
964
964
964
964
964
965
965
966
966
966
966
966
966
966
966
967
967
967
968
968
968
969
969
969
969
969
970
970
970
970
971
971
971
972
972
972
973
973
973
973
973
973
973
973
974
974
975
975
976
976
976
976
976
976
976
977
977
977
977
978
978
978
978
979
979
979
979
979
979
979
979
979
980
980
980
980
980
980
980
980
981
981
981
981
981
981
982
982
983
983
983
983
983
983
984
984
984
984
984
984
984
985
985
985
985
986
986
986
986
986
986
987
987
988
988
988
988
988
988
989
989
989
989
990
990
991
991
991
991
991
992
992
992
993
993
993
993
993
993
993
994
994
994
994
994
994
994
994
994
994
994
995
995
995
995
995
995
996
996
997
997
997
997
997
997
998
998
999
999
1000
1000
1000
1000
1000
1000
1000
1000
1000
1000
1000
1001
1001
1001
1001
1002
1002
1003
1003
1003
1003
1003
1003
1003
1004
1004
1004
1004
1004
1005
1005
1006
1006
1006
1007
1007
1007
1007
1007
1008
1008
1008
1008
1008
1008
1008
1008
1009
1009
1009
1009
1009
1010
1010
1010
1010
1010
1010
1010
1011
1011
1011
1011
1011
1011
1012
1012
1013
1013
1013
1013
1014
1014
1014
1015
1015
1015
1015
1015
1015
1016
1016
1016
1016
1016
1016
1017
1018
1018
1018
1018
1019
1019
1019
1020
1020
1020
1021
1021
1021
1021
1021
1022
1022
1022
1022
1022
1022
1022
1023
1023
1023
1023
1023
1024
1024
1024
1025
1025
1025
1025
1025
1026
1026
1026
1026
1026
1026
1026
1026
1026
1027
1027
1027
1027
1027
1027
1027
1028
1028
1028
1028
1028
1028
1029
1029
1029
1029
1030
1030
1031
1031
1031
1031
1032
1032
1032
1032
1032
1032
1033
1033
1034
1034
1034
1034
1034
1035
1035
1035
1035
1035
1035
1036
1036
1037
1037
1038
1038
1038
1038
1039
1040
1040
1040
1040
1041
1041
1041
1041
1041
1041
1042
1042
1042
1043
1043
1043
1043
1043
1043
1043
1044
1044
1044
1044
1044
1044
1044
1045
1045
1045
1045
1045
1045
1045
1045
1046
1046
1046
1046
1048
1048
1048
1048
1048
1048
1048
1049
1049
1049
1050
1050
1050
1050
1050
1050
1050
1050
1050
1050
1050
1051
1051
1051
1051
1051
1052
1052
1052
1053
1053
1053
1054
1054
1055
1055
1055
1055
1055
1055
1056
1056
1057
1057
1057
1057
1058
1058
1058
1058
1059
1059
1059
1059
1060
1060
1060
1060
1061
1061
1061
1061
1061
1061
1061
1061
1062
1062
1062
1063
1063
1063
1063
1063
1063
1063
1064
1064
1064
1064
1064
1064
1064
1064
1064
1065
1066
1066
1066
1067
1067
1067
1067
1067
1067
1067
1067
1067
1067
1068
1068
1069
1069
1069
1070
1070
1070
1070
1070
1070
1070
1070
1071
1071
1071
1071
1071
1071
1072
1072
1072
1072
1072
1072
1073
1073
1074
1074
1075
1075
1076
1076
1077
1077
1077
1077
1077
1077
1077
1077
1078
1078
1078
1078
1078
1078
1078
1078
1078
1078
1078
1079
1079
1080
1080
1081
1081
1081
1081
1081
1082
1082
1082
1082
1082
1082
1082
1083
1083
1083
1083
1084
1084
1085
1085
1085
1085
1085
1085
1085
1085
1085
1086
1087
1087
1087
1087
1087
1088
1088
1088
1088
1088
1089
1089
1089
1090
1090
1090
1091
1091
1091
1091
1091
1091
1091
1092
1093
1093
1093
1093
1093
1093
1093
1094
1094
1094
1094
1095
1095
1095
1095
1095
1095
1096
1096
1096
1096
1096
1097
1097
1097
1097
1097
1097
1098
1098
1098
1098
1098
1099
1099
1099
1100
1100
1100
1101
1101
1101
1101
1101
1101
1102
1102
1102
1102
1102
1102
1102
1103
1103
1103
1103
1103
1103
1103
1103
1103
1104
1104
1104
1105
1105
1105
1105
1105
1106
1106
1107
1107
1107
1107
1107
1108
1108
1108
1108
1108
1109
1109
1110
1110
1111
1111
1111
1111
1111
1112
1112
1112
1112
1112
1112
1112
1113
1113
1113
1113
1113
1113
1113
1113
1114
1114
1114
1114
1114
1115
1116
1116
1116
1116
1116
1116
1116
1116
1117
1117
1117
1117
1118
1118
1118
1118
1118
1118
1118
1118
1119
1119
1120
1120
1120
1120
1120
1120
1121
1121
1121
1121
1121
1121
1121
1122
1122
1122
1122
1123
1123
1123
1123
1123
1123
1123
1124
1124
1124
1124
1124
1125
1125
1126
1126
1126
1127
1128
1128
1129
1129
1129
1129
1130
1130
1130
1130
1131
1131
1131
1131
1131
1131
1131
1132
1132
1132
1133
1133
1133
1133
1133
1134
1134
1134
1134
1134
1134
1135
1136
1136
1137
1137
1137
1137
1139
1139
1139
1139
1139
1139
1139
1140
1140
1140
1140
1140
1141
1141
1141
1142
1142
1142
1142
1142
1142
1142
1143
1143
1143
1144
1144
1144
1145
1145
1145
1145
1145
1146
1146
1146
1146
1146
1146
1146
1147
1147
1147
1147
1147
1147
1147
1147
1148
1148
1148
1149
1149
1149
1149
1149
1149
1150
1150
1151
1151
1151
1151
1151
1152
1152
1152
1152
1153
1153
1153
1153
1154
1154
1154
1155
1155
1155
1155
1155
1155
1155
1155
1155
1156
1156
1156
1156
1156
1156
1157
1157
1158
1158
1159
1160
1160
1160
1160
1160
1161
1161
1161
1161
1162
1162
1162
1162
1162
1162
1162
1163
1163
1163
1163
1164
1164
1164
1164
1165
1165
1165
1166
1166
1166
1167
1167
1167
1168
1168
1168
1168
1170
1170
1170
1171
1171
1171
1172
1172
1173
1173
1173
1173
1173
1173
1173
1174
1174
1174
1175
1176
1176
1176
1176
1176
1177
1177
1177
1178
1178
1178
1178
1178
1179
1179
1180
1180
1181
1182
1182
1182
1183
1184
1184
1185
1186
1186
1187
1187
1187
1188
1188
1188
1189
1189
1189
1189
1190
1190
1190
1190
1191
1191
1191
1191
1192
1192
1192
1192
1192
1192
1192
1192
1193
1193
1193
1193
1194
1195
1195
1197
1197
1197
1197
1198
1199
1199
1199
1199
1199
1199
1199
1199
1200
1200
1200
1200
1200
1201
1201
1201
1202
1203
1203
1203
1203
1203
1203
1203
1204
1204
1204
1204
1204
1204
1204
1205
1205
1206
1206
1208
1209
1209
1209
1209
1210
1210
1210
1210
1210
1211
1211
1212
1213
1213
1213
1214
1214
1215
1215
1216
1216
1216
1216
1216
1216
1217
1217
1217
1217
1218
1219
1219
1219
1219
1220
1220
1220
1220
1221
1221
1221
1221
1222
1222
1222
1222
1222
1223
1223
1223
1223
1223
1224
1224
1224
1224
1225
1225
1225
1225
1225
1226
1226
1226
1226
1227
1227
1228
1229
1229
1229
1229
1229
1230
1230
1231
1231
1232
1232
1232
1232
1233
1233
1233
1233
1234
1234
1234
1235
1235
1235
1235
1235
1236
1237
1237
1237
1237
1238
1239
1239
1239
1239
1240
1240
1240
1240
1241
1241
1242
1242
1242
1243
1244
1244
1244
1244
1244
1245
1245
1245
1246
1246
1246
1246
1246
1246
1247
1247
1247
1248
1248
1248
1249
1249
1249
1249
1249
1249
1250
1250
1250
1251
1251
1251
1251
1252
1252
1252
1252
1253
1254
1254
1255
1255
1255
1256
1256
1256
1256
1257
1257
1257
1257
1257
1257
1257
1258
1258
1258
1258
1258
1258
1258
1258
1258
1258
1259
1259
1259
1259
1259
1260
1260
1260
1260
1261
1261
1261
1261
1262
1262
1263
1263
1263
1263
1263
1263
1264
1264
1264
1265
1265
1266
1266
1266
1266
1267
1267
1267
1267
1268
1268
1268
1269
1269
1269
1270
1270
1270
1270
1271
1271
1271
1271
1272
1272
1273
1273
1273
1273
1274
1274
1274
1275
1275
1276
1277
1277
1278
1278
1278
1278
1278
1278
1280
1280
1281
1281
1282
1282
1282
1282
1283
1283
1283
1283
1283
1284
1284
1284
1284
1285
1285
1285
1286
1286
1287
1287
1287
1288
1288
1288
1288
1288
1288
1288
1289
1289
1289
1289
1289
1289
1290
1290
1290
1290
1291
1291
1291
1291
1291
1292
1292
1292
1293
1293
1293
1293
1293
1293
1293
1294
1295
1295
1295
1295
1295
1296
1297
1297
1297
1297
1298
1298
1298
1300
1300
1300
1300
1300
1301
1301
1301
1301
1302
1302
1302
1302
1302
1303
1303
1303
1303
1304
1304
1304
1305
1305
1305
1305
1306
1306
1306
1306
1306
1307
1308
1308
1308
1308
1308
1309
1309
1309
1309
1309
1310
1310
1311
1311
1311
1311
1311
1311
1311
1312
1312
1313
1314
1315
1316
1317
1318
1318
1319
1319
1319
1319
1320
1321
1321
1321
1321
1322
1322
1322
1323
1323
1323
1323
1324
1324
1325
1325
1325
1325
1325
1326
1326
1326
1327
1327
1327
1328
1329
1329
1330
1330
1330
1331
1331
1332
1332
1332
1333
1333
1333
1334
1335
1335
1335
1335
1336
1336
1336
1337
1337
1338
1338
1338
1339
1339
1339
1340
1341
1342
1342
1342
1342
1342
1343
1343
1345
1345
1345
1345
1345
1346
1346
1347
1348
1348
1348
1348
1350
1351
1351
1352
1352
1352
1353
1354
1356
1357
1358
1359
1361
1363
1364
1364
1366
1366
1366
1366
1366
1367
1367
1368
1368
1369
1369
1371
1371
1373
1374
1374
1376
1377
1379
1380
1381
1381
1382
1385
1387
1389
1391
1393
1394
1396
1396
1397
1399
1400
1400
1401
1402
1404
1404
1404
1404
1405
1405
1406
1407
1408
1408
1409
1410
1410
1416
1417
1418
1420
1421
1421
1423
1425
1426
1426
1428
1429
1430
1431
1432
1433
1434
1434
1435
1436
1438
1438
1439
1439
1439
1440
1443
1445
1445
1446
1448
1448
1453
1453
1457
1457
1458
1459
1460
1460
1461
1461
1462
1462
1462
1462
1466
1467
1472
1472
1473
1475
1477
1478
1480
1482
1483
1484
1489
1490
1492
1499
1500
1501
1502
1503
1503
1507
1509
1510
1513
1514
1514
1515
1521
1521
1526
1532
1540
1544
1545
1546
1547
1555

