12
30
49
50
69
70
72
75
76
78
82
85
89
90
90
93
96
99
101
104
111
112
114
117
117
118
123
128
129
129
133
133
134
135
135
137
140
141
142
144
144
150
154
154
155
155
156
156
158
158
160
160
161
161
162
162
162
163
163
165
167
171
171
171
173
173
175
175
178
178
180
181
182
187
189
191
192
192
193
194
195
196
197
198
199
199
199
200
201
203
204
206
209
209
213
214
214
216
216
217
217
217
217
218
218
220
220
221
222
224
225
226
227
228
230
233
233
233
234
237
237
237
237
239
240
243
245
246
248
248
248
249
251
253
253
253
255
257
257
259
261
263
263
264
265
265
266
269
271
271
271
272
273
274
274
274
275
276
280
282
283
283
286
287
287
293
295
297
299
300
301
302
304
304
307
308
309
312
314
315
317
318
320
320
321
322
322
323
324
327
328
329
329
330
330
330
330
333
334
335
336
337
339
339
341
342
343
344
346
346
346
348
350
351
351
352
355
356
356
356
357
358
359
362
363
363
365
365
365
368
368
369
371
372
372
374
375
377
379
380
380
380
383
383
383
384
388
389
391
391
391
392
394
395
396
402
404
406
406
406
407
407
411
413
414
415
416
416
417
420
420
420
423
429
430
430
431
431
435
435
438
439
439
440
440
442
445
447
448
452
452
454
461
465
467
470
473
474
481
482
484
484
486
488
489
492
492
492
496
498
501
504
505
506
506
508
510
511
511
512
516
523
523
527
528
530
532
532
535
535
536
538
540
540
545
548
550
551
552
552
552
554
557
562
563
564
564
565
566
567
571
572
572
573
573
575
576
577
579
579
580
581
583
585
586
587
588
588
593
597
599
602
604
606
606
608
609
609
609
612
613
615
617
617
622
622
626
627
628
630
630
634
635
635
638
640
641
642
642
648
650
650
652
657
657
658
662
664
667
671
674
674
676
677
679
688
688
688
697
698
703
704
704
704
706
708
708
709
710
712
716
721
723
723
728
731
731
733
733
736
737
740
741
747
749
752
753
757
758
761
761
762
762
764
771
774
782
782
782
795
805
806
808
812
815
817
819
821
824
829
834
836
840
849
851
863
866
867
868
869
871
872
874
876
886
887
890
893
898
900
901
902
904
909
909
911
911
914
924
924
928
931
935
936
937
939
942
948
949
950
952
953
957
960
964
977
977
980
982
984
987
989
990
990
993
993
999
1000
1012
1017
1032
1032
1036
1036
1047
1051
1051
1054
1065
1077
1084
1086
1090
1102
1104
1105
1109
1116
1123
1126
1135
1139
1145
1149
1152
1153
1159
1162
1165
1176
1178
1184
1186
1187
1187
1189
1190
1191
1193
1194
1195
1202
1203
1206
1207
1207
1209
1212
1213
1231
1232
1237
1237
1238
1240
1241
1245
1246
1247
1248
1252
1256
1256
1257
1261
1264
1265
1268
1270
1275
1277
1279
1279
1284
1284
1287
1287
1289
1291
1291
1294
1294
1294
1296
1296
1297
1301
1303
1305
1307
1307
1308
1309
1309
1312
1314
1320
1321
1324
1329
1334
1335
1336
1338
1339
1342
1343
1346
1348
1348
1349
1350
1353
1356
1358
1363
1364
1365
1367
1367
1374
1384
1387
1389
1390
1391
1398
1399
1426
1443
1445
1447
1467
1467
1468
1474
1481
1483
1485
1490
1496
1500
1501
1502
1502
1504
1505
1508
1509
1509
1515
1518
1521
1531
1541
1542
1549
1549
1549
1554
1555
1567
1573
1573
1581
1588
1595
1599
1607
1610
1613
1621
1632
1637
1639
1642
1643
1649
1650
1651
1651
1654
1654
1662
1669
1671
1671
1674
1675
1675
1676
1676
1676
1680
1680
1681
1682
1683
1684
1685
1690
1691
1692
1693
1695
1696
1697
1699
1701
1705
1706
1707
1708
1709
1710
1711
1712
1712
1713
1713
1715
1716
1716
1717
1718
1718
1718
1718
1719
1719
1720
1720
1720
1720
1720
1720
1721
1721
1721
1721
1722
1722
1722
1722
1722
1722
1722
1723
1723
1723
1723
1724
1724
1724
1724
1724
1724
1725
1725
1725
1725
1725
1725
1725
1725
1726
1726
1726
1727
1727
1727
1727
1728
1728
1728
1728
1728
1729
1729
1729
1729
1730
1730
1730
1730
1731
1731
1731
1731
1731
1731
1731
1731
1732
1732
1732
1732
1732
1732
1733
1733
1733
1733
1733
1734
1734
1734
1734
1734
1735
1735
1735
1736
1736
1736
1736
1736
1736
1736
1736
1737
1737
1737
1737
1737
1737
1737
1737
1738
1738
1738
1738
1738
1738
1739
1739
1739
1739
1739
1739
1740
1740
1740
1740
1740
1740
1741
1741
1741
1741
1741
1741
1741
1742
1742
1742
1743
1743
1743
1743
1743
1744
1744
1744
1744
1744
1744
1744
1745
1745
1745
1745
1746
1746
1746
1746
1746
1746
1746
1746
1746
1746
1746
1747
1747
1747
1747
1747
1747
1747
1747
1747
1748
1748
1748
1748
1748
1748
1748
1749
1749
1749
1750
1750
1750
1750
1750
1750
1750
1750
1750
1751
1751
1751
1751
1751
1751
1752
1752
1752
1752
1752
1752
1753
1753
1753
1753
1754
1754
1754
1754
1754
1755
1755
1755
1755
1755
1755
1756
1756
1756
1756
1756
1756
1757
1757
1757
1757
1757
1757
1758
1758
1758
1758
1758
1758
1758
1758
1758
1759
1759
1759
1759
1759
1760
1760
1760
1760
1760
1760
1760
1760
1760
1760
1760
1761
1761
1761
1761
1761
1761
1761
1761
1762
1762
1762
1762
1762
1762
1762
1762
1763
1763
1763
1763
1763
1763
1763
1763
1764
1764
1764
1764
1764
1764
1765
1765
1765
1765
1766
1766
1766
1766
1766
1766
1766
1766
1766
1766
1767
1767
1767
1767
1767
1767
1767
1767
1767
1767
1768
1768
1768
1768
1768
1768
1768
1769
1769
1769
1769
1769
1769
1769
1769
1769
1769
1769
1770
1770
1770
1770
1770
1770
1770
1770
1770
1771
1771
1771
1771
1771
1771
1771
1771
1772
1772
1772
1772
1772
1772
1772
1773
1773
1773
1773
1773
1773
1773
1773
1773
1773
1774
1774
1774
1775
1775
1775
1775
1775
1775
1775
1775
1775
1775
1776
1776
1776
1776
1776
1776
1776
1776
1776
1776
1776
1777
1777
1777
1777
1777
1777
1777
1777
1777
1778
1778
1778
1778
1778
1778
1778
1778
1779
1779
1779
1779
1779
1779
1779
1779
1779
1779
1780
1780
1780
1780
1780
1780
1780
1780
1780
1780
1780
1780
1780
1780
1780
1780
1780
1781
1781
1781
1781
1781
1781
1781
1781
1781
1781
1781
1782
1782
1782
1782
1782
1782
1782
1782
1782
1782
1782
1782
1782
1782
1782
1783
1783
1783
1783
1783
1783
1783
1783
1783
1784
1784
1784
1784
1784
1784
1784
1784
1784
1784
1784
1784
1785
1785
1785
1785
1785
1785
1785
1786
1786
1786
1786
1786
1786
1786
1786
1786
1786
1786
1786
1786
1786
1786
1786
1786
1786
1787
1787
1787
1787
1787
1787
1787
1787
1787
1787
1787
1787
1787
1787
1788
1788
1788
1788
1788
1788
1789
1789
1789
1789
1789
1789
1789
1789
1789
1789
1789
1790
1790
1790
1790
1790
1790
1790
1790
1790
1790
1790
1790
1790
1790
1791
1791
1791
1791
1791
1791
1791
1791
1791
1791
1791
1792
1792
1792
1792
1792
1792
1792
1792
1792
1792
1792
1792
1792
1792
1792
1792
1793
1793
1793
1793
1793
1793
1793
1793
1793
1793
1793
1793
1793
1793
1793
1793
1793
1793
1793
1794
1794
1794
1794
1794
1794
1794
1794
1794
1794
1794
1794
1794
1795
1795
1795
1795
1795
1795
1795
1795
1795
1795
1795
1795
1796
1796
1796
1796
1796
1796
1796
1796
1796
1796
1796
1796
1796
1796
1796
1796
1796
1796
1796
1797
1797
1797
1797
1797
1797
1797
1797
1797
1797
1797
1797
1797
1797
1798
1798
1798
1798
1798
1798
1798
1798
1798
1798
1798
1798
1798
1798
1798
1798
1799
1799
1799
1799
1799
1799
1799
1799
1799
1799
1799
1799
1799
1799
1799
1799
1799
1800
1800
1800
1800
1800
1800
1800
1800
1800
1800
1800
1800
1800
1801
1801
1801
1801
1801
1801
1801
1801
1801
1802
1802
1802
1802
1802
1802
1802
1802
1802
1802
1802
1802
1802
1802
1803
1803
1803
1803
1803
1803
1803
1803
1803
1803
1803
1803
1803
1803
1804
1804
1804
1804
1804
1804
1804
1804
1804
1804
1804
1804
1804
1804
1804
1805
1805
1805
1805
1805
1805
1805
1805
1805
1805
1805
1805
1805
1805
1806
1806
1806
1806
1806
1806
1806
1806
1806
1806
1806
1806
1807
1807
1807
1807
1807
1807
1807
1807
1807
1807
1807
1807
1807
1808
1808
1808
1808
1808
1808
1808
1808
1808
1808
1809
1809
1809
1809
1809
1809
1809
1809
1809
1809
1809
1809
1809
1809
1809
1809
1809
1809
1809
1809
1809
1809
1810
1810
1810
1810
1810
1810
1810
1810
1810
1810
1811
1811
1811
1811
1811
1811
1811
1811
1811
1811
1811
1811
1811
1811
1811
1811
1811
1811
1811
1811
1811
1811
1812
1812
1812
1812
1812
1812
1812
1812
1812
1812
1812
1812
1812
1812
1812
1812
1812
1812
1812
1812
1813
1813
1813
1813
1813
1813
1813
1813
1813
1813
1813
1813
1813
1813
1813
1813
1813
1813
1813
1813
1813
1814
1814
1814
1814
1814
1814
1814
1814
1814
1814
1814
1814
1814
1814
1814
1814
1814
1814
1814
1814
1814
1814
1814
1814
1814
1814
1814
1814
1814
1815
1815
1815
1815
1815
1815
1815
1815
1815
1815
1815
1815
1815
1815
1815
1815
1815
1815
1815
1815
1815
1816
1816
1816
1816
1816
1816
1816
1816
1816
1816
1816
1816
1816
1816
1816
1816
1816
1816
1816
1817
1817
1817
1817
1817
1817
1817
1817
1817
1817
1817
1817
1817
1817
1817
1818
1818
1818
1818
1818
1818
1818
1818
1818
1818
1818
1818
1818
1818
1818
1818
1818
1818
1818
1818
1818
1818
1818
1818
1819
1819
1819
1819
1819
1819
1819
1819
1819
1819
1819
1819
1819
1819
1819
1819
1819
1819
1819
1819
1819
1819
1820
1820
1820
1820
1820
1820
1820
1820
1820
1820
1820
1820
1820
1820
1820
1820
1820
1820
1820
1820
1820
1820
1821
1821
1821
1821
1821
1821
1821
1821
1821
1821
1821
1821
1821
1821
1822
1822
1822
1822
1822
1822
1822
1822
1822
1822
1822
1822
1822
1822
1822
1822
1822
1822
1822
1822
1822
1823
1823
1823
1823
1823
1823
1823
1823
1823
1823
1823
1823
1823
1823
1823
1823
1823
1823
1823
1823
1823
1824
1824
1824
1824
1824
1824
1824
1824
1824
1824
1824
1824
1824
1824
1824
1824
1824
1824
1824
1824
1824
1824
1824
1825
1825
1825
1825
1825
1825
1825
1825
1825
1825
1825
1825
1825
1825
1825
1825
1825
1825
1825
1825
1825
1825
1825
1826
1826
1826
1826
1826
1826
1826
1826
1826
1826
1826
1826
1826
1827
1827
1827
1827
1827
1827
1827
1827
1827
1827
1827
1827
1827
1827
1827
1827
1827
1827
1827
1827
1827
1827
1827
1828
1828
1828
1828
1828
1828
1828
1828
1828
1828
1828
1828
1828
1828
1828
1829
1829
1829
1829
1829
1829
1829
1829
1829
1829
1829
1829
1829
1829
1829
1829
1829
1829
1829
1829
1829
1829
1829
1829
1830
1830
1830
1830
1830
1830
1830
1830
1830
1830
1830
1830
1830
1830
1830
1830
1830
1830
1830
1830
1830
1830
1831
1831
1831
1831
1831
1831
1831
1831
1831
1831
1831
1832
1832
1832
1832
1832
1832
1832
1832
1832
1832
1832
1832
1832
1832
1832
1832
1832
1832
1832
1832
1833
1833
1833
1833
1833
1833
1833
1833
1833
1833
1833
1833
1833
1833
1833
1833
1833
1833
1833
1833
1834
1834
1834
1834
1834
1834
1834
1834
1834
1834
1834
1834
1834
1834
1834
1834
1835
1835
1835
1835
1835
1835
1835
1835
1835
1835
1835
1835
1835
1835
1835
1835
1835
1835
1835
1835
1835
1836
1836
1836
1836
1836
1836
1836
1836
1836
1836
1836
1836
1837
1837
1837
1837
1837
1837
1837
1837
1837
1837
1837
1837
1837
1837
1837
1837
1837
1837
1837
1837
1837
1837
1837
1838
1838
1838
1838
1838
1838
1838
1838
1838
1838
1838
1838
1839
1839
1839
1839
1839
1839
1839
1839
1839
1839
1839
1839
1839
1839
1839
1839
1839
1839
1839
1839
1839
1839
1839
1839
1839
1839
1839
1840
1840
1840
1840
1840
1840
1840
1840
1840
1840
1840
1840
1840
1840
1840
1840
1840
1840
1840
1840
1840
1840
1840
1840
1841
1841
1841
1841
1841
1841
1841
1841
1841
1841
1841
1841
1841
1841
1841
1841
1841
1841
1841
1841
1841
1842
1842
1842
1842
1842
1842
1842
1842
1842
1842
1842
1842
1842
1842
1842
1842
1842
1843
1843
1843
1843
1843
1843
1843
1843
1843
1843
1843
1843
1843
1843
1843
1843
1843
1843
1843
1843
1843
1843
1844
1844
1844
1844
1844
1844
1844
1844
1844
1844
1844
1844
1844
1844
1844
1844
1844
1844
1844
1844
1844
1844
1845
1845
1845
1845
1845
1845
1845
1845
1845
1845
1845
1845
1845
1845
1845
1845
1845
1845
1845
1846
1846
1846
1846
1846
1846
1846
1846
1846
1846
1846
1846
1846
1846
1846
1846
1846
1846
1846
1846
1846
1846
1846
1846
1846
1846
1846
1846
1846
1846
1847
1847
1847
1847
1847
1847
1847
1847
1847
1847
1847
1847
1847
1847
1847
1847
1847
1848
1848
1848
1848
1848
1848
1848
1848
1848
1848
1848
1848
1848
1848
1849
1849
1849
1849
1849
1849
1849
1849
1849
1849
1849
1849
1849
1849
1849
1849
1849
1849
1849
1850
1850
1850
1850
1850
1850
1850
1850
1850
1850
1850
1850
1850
1850
1850
1851
1851
1851
1851
1851
1851
1851
1851
1851
1851
1852
1852
1852
1852
1852
1852
1852
1852
1852
1852
1852
1852
1852
1852
1852
1852
1853
1853
1853
1853
1853
1853
1853
1853
1853
1853
1853
1853
1853
1853
1854
1854
1854
1854
1854
1854
1854
1854
1854
1854
1854
1854
1854
1854
1854
1854
1854
1855
1855
1855
1855
1855
1855
1855
1855
1855
1855
1855
1855
1855
1855
1855
1856
1856
1856
1856
1856
1856
1856
1856
1856
1856
1856
1856
1856
1856
1856
1856
1856
1856
1856
1857
1857
1857
1857
1857
1857
1857
1857
1857
1857
1857
1857
1857
1857
1857
1857
1857
1857
1857
1858
1858
1858
1858
1858
1858
1858
1858
1858
1858
1858
1858
1858
1858
1858
1858
1858
1858
1858
1858
1858
1858
1858
1858
1858
1858
1858
1858
1859
1859
1859
1859
1859
1859
1859
1859
1859
1859
1859
1859
1859
1859
1859
1859
1859
1859
1859
1859
1859
1860
1860
1860
1860
1860
1860
1860
1860
1860
1860
1860
1860
1860
1860
1860
1860
1860
1860
1861
1861
1861
1861
1861
1861
1861
1861
1861
1861
1861
1861
1861
1861
1861
1861
1861
1861
1861
1861
1862
1862
1862
1862
1862
1862
1862
1862
1862
1862
1862
1862
1862
1862
1862
1862
1862
1862
1862
1862
1862
1863
1863
1863
1863
1863
1863
1863
1863
1863
1863
1863
1863
1863
1863
1863
1863
1863
1863
1863
1863
1863
1863
1864
1864
1864
1864
1864
1864
1864
1864
1864
1864
1864
1864
1864
1864
1864
1864
1864
1864
1864
1864
1864
1864
1864
1865
1865
1865
1865
1865
1865
1865
1865
1865
1865
1865
1865
1865
1866
1866
1866
1866
1866
1866
1866
1866
1866
1866
1866
1866
1866
1866
1866
1866
1866
1866
1866
1866
1866
1866
1866
1866
1866
1866
1866
1866
1866
1866
1867
1867
1867
1867
1867
1867
1867
1867
1867
1867
1867
1867
1867
1867
1867
1867
1867
1867
1867
1867
1867
1867
1867
1868
1868
1868
1868
1868
1868
1868
1868
1868
1868
1868
1868
1868
1868
1868
1868
1868
1869
1869
1869
1869
1869
1869
1869
1869
1869
1869
1869
1869
1869
1869
1869
1870
1870
1870
1870
1870
1870
1870
1870
1870
1870
1870
1870
1870
1871
1871
1871
1871
1871
1871
1871
1871
1871
1871
1871
1871
1871
1871
1871
1871
1871
1871
1871
1871
1871
1871
1871
1872
1872
1872
1872
1872
1872
1872
1872
1872
1872
1872
1872
1872
1872
1872
1872
1872
1872
1873
1873
1873
1873
1873
1873
1873
1873
1873
1873
1873
1873
1873
1874
1874
1874
1874
1874
1874
1874
1874
1874
1874
1874
1874
1874
1875
1875
1875
1875
1875
1875
1875
1875
1875
1875
1875
1875
1875
1875
1875
1875
1875
1876
1876
1876
1876
1876
1876
1876
1876
1876
1876
1876
1876
1876
1876
1876
1876
1876
1876
1876
1877
1877
1877
1877
1877
1877
1877
1877
1877
1877
1877
1877
1877
1877
1877
1877
1877
1877
1877
1878
1878
1878
1878
1878
1878
1878
1878
1878
1878
1878
1878
1878
1878
1878
1878
1878
1879
1879
1879
1879
1879
1879
1879
1879
1879
1879
1879
1879
1879
1879
1879
1879
1880
1880
1880
1880
1880
1880
1880
1880
1880
1880
1880
1880
1880
1880
1880
1880
1880
1880
1880
1881
1881
1881
1881
1881
1881
1881
1881
1881
1881
1882
1882
1882
1882
1882
1882
1882
1882
1882
1882
1882
1882
1882
1882
1882
1883
1883
1883
1883
1883
1883
1883
1883
1883
1884
1884
1884
1884
1884
1884
1884
1884
1884
1884
1884
1884
1884
1885
1885
1885
1885
1885
1885
1885
1885
1885
1885
1886
1886
1886
1886
1886
1886
1886
1886
1886
1886
1887
1887
1887
1887
1887
1887
1887
1887
1887
1887
1887
1887
1887
1887
1887
1887
1888
1888
1888
1888
1888
1888
1888
1888
1888
1888
1888
1888
1888
1888
1888
1889
1889
1889
1889
1889
1889
1889
1889
1890
1890
1890
1890
1890
1890
1890
1890
1890
1890
1890
1890
1890
1890
1890
1890
1890
1890
1890
1890
1890
1891
1891
1891
1891
1891
1891
1891
1891
1891
1891
1891
1892
1892
1892
1892
1892
1892
1892
1892
1892
1892
1892
1892
1892
1892
1892
1892
1892
1893
1893
1893
1893
1893
1893
1893
1893
1893
1893
1894
1894
1894
1894
1894
1894
1894
1894
1894
1895
1895
1895
1895
1895
1895
1895
1895
1895
1895
1895
1895
1895
1895
1896
1896
1896
1896
1896
1896
1896
1896
1897
1897
1897
1897
1897
1897
1897
1897
1897
1897
1898
1898
1898
1898
1898
1898
1898
1899
1899
1899
1899
1899
1899
1899
1899
1899
1899
1899
1900
1900
1900
1900
1900
1900
1900
1900
1900
1900
1900
1901
1901
1901
1901
1901
1901
1901
1901
1901
1901
1901
1901
1901
1901
1902
1902
1902
1902
1902
1902
1902
1902
1902
1902
1902
1903
1903
1903
1903
1903
1903
1903
1904
1904
1904
1904
1904
1904
1905
1905
1905
1905
1905
1905
1905
1906
1906
1906
1906
1906
1906
1906
1906
1906
1907
1907
1907
1907
1907
1907
1907
1907
1907
1907
1907
1907
1907
1907
1908
1908
1908
1908
1908
1908
1908
1908
1908
1908
1908
1909
1909
1909
1909
1909
1910
1910
1910
1910
1910
1910
1910
1910
1910
1911
1911
1911
1912
1912
1912
1912
1912
1912
1912
1912
1912
1912
1912
1912
1912
1913
1913
1913
1913
1913
1913
1913
1913
1913
1913
1914
1914
1914
1914
1914
1914
1914
1914
1914
1915
1915
1915
1915
1915
1915
1915
1915
1916
1916
1916
1916
1916
1916
1916
1916
1916
1916
1916
1916
1917
1917
1917
1917
1917
1917
1917
1917
1917
1917
1917
1917
1917
1918
1918
1918
1918
1918
1918
1919
1919
1919
1919
1919
1919
1919
1919
1919
1919
1920
1920
1920
1920
1920
1921
1921
1921
1922
1922
1922
1922
1922
1922
1922
1922
1923
1923
1923
1923
1923
1923
1923
1923
1924
1924
1924
1924
1924
1924
1924
1924
1925
1925
1925
1925
1925
1925
1925
1925
1925
1925
1925
1925
1926
1926
1926
1926
1926
1926
1926
1926
1926
1926
1926
1927
1927
1927
1927
1927
1927
1927
1927
1927
1927
1927
1928
1928
1928
1928
1928
1928
1928
1928
1928
1928
1928
1929
1929
1929
1929
1929
1929
1929
1929
1929
1929
1929
1930
1930
1930
1930
1930
1930
1931
1931
1931
1931
1931
1931
1931
1932
1932
1932
1932
1932
1932
1932
1933
1933
1933
1933
1933
1933
1933
1933
1933
1933
1934
1934
1934
1934
1934
1934
1935
1935
1935
1935
1935
1936
1936
1936
1936
1936
1936
1936
1937
1937
1937
1937
1937
1937
1938
1938
1938
1938
1938
1938
1938
1938
1938
1939
1939
1939
1939
1940
1940
1940
1940
1940
1941
1941
1941
1941
1941
1941
1941
1941
1941
1941
1941
1941
1942
1942
1942
1942
1942
1942
1942
1942
1942
1942
1943
1944
1944
1944
1944
1944
1944
1944
1945
1945
1945
1945
1945
1945
1946
1946
1946
1946
1946
1946
1946
1947
1947
1947
1947
1947
1947
1947
1947
1947
1947
1947
1947
1947
1947
1947
1948
1948
1948
1948
1948
1948
1948
1948
1948
1948
1948
1948
1948
1949
1949
1949
1949
1949
1949
1949
1950
1950
1950
1950
1950
1950
1950
1950
1950
1950
1951
1951
1951
1951
1951
1951
1951
1951
1952
1952
1952
1952
1952
1953
1953
1953
1953
1953
1953
1953
1953
1954
1954
1955
1955
1955
1955
1955
1955
1955
1955
1955
1955
1955
1955
1955
1955
1955
1955
1955
1955
1956
1956
1956
1956
1956
1956
1956
1956
1956
1956
1957
1957
1957
1957
1957
1957
1957
1957
1957
1957
1957
1958
1958
1959
1959
1959
1959
1959
1959
1959
1959
1959
1960
1960
1960
1960
1960
1960
1960
1961
1961
1961
1961
1961
1961
1961
1961
1961
1961
1961
1962
1962
1962
1962
1962
1962
1962
1963
1963
1963
1963
1963
1963
1963
1964
1964
1964
1964
1964
1964
1964
1964
1964
1964
1964
1965
1965
1965
1965
1965
1966
1966
1966
1966
1966
1966
1966
1966
1967
1967
1967
1967
1967
1967
1967
1968
1968
1968
1968
1968
1968
1969
1969
1969
1969
1969
1969
1969
1969
1969
1969
1970
1970
1970
1970
1970
1970
1970
1970
1970
1970
1970
1970
1971
1971
1971
1971
1972
1972
1972
1972
1972
1972
1972
1972
1972
1972
1973
1973
1973
1974
1974
1974
1974
1975
1975
1975
1976
1976
1976
1976
1976
1976
1976
1976
1977
1977
1977
1977
1977
1977
1977
1977
1977
1977
1978
1978
1979
1979
1979
1979
1979
1979
1979
1979
1979
1979
1979
1980
1980
1980
1981
1981
1981
1981
1981
1982
1982
1982
1982
1982
1983
1983
1983
1983
1983
1983
1984
1984
1984
1985
1985
1985
1985
1985
1985
1985
1986
1986
1986
1986
1987
1987
1987
1987
1988
1988
1988
1988
1988
1988
1988
1988
1989
1989
1989
1989
1989
1989
1990
1990
1990
1990
1990
1990
1991
1991
1991
1991
1992
1992
1992
1992
1993
1993
1993
1993
1993
1993
1993
1994
1994
1994
1995
1995
1995
1995
1995
1996
1996
1996
1996
1996
1996
1996
1996
1996
1997
1997
1997
1997
1997
1997
1997
1997
1998
1998
1998
1998
1998
1998
1998
1998
1998
1998
1998
1999
1999
1999
1999
1999
2000
2000
2000
2000
2001
2001
2001
2001
2001
2001
2001
2001
2001
2001
2002
2002
2002
2002
2002
2002
2002
2002
2002
2003
2003
2003
2003
2003
2003
2004
2004
2004
2004
2004
2005
2005
2005
2005
2005
2005
2005
2006
2006
2006
2006
2006
2006
2006
2006
2006
2007
2007
2007
2007
2007
2007
2007
2008
2009
2009
2009
2009
2009
2009
2009
2009
2009
2009
2009
2009
2010
2010
2010
2010
2010
2011
2011
2011
2012
2012
2012
2013
2013
2013
2013
2013
2013
2013
2014
2014
2014
2014
2014
2015
2015
2015
2015
2015
2015
2015
2016
2016
2016
2016
2016
2017
2017
2017
2017
2017
2017
2018
2018
2019
2019
2019
2019
2019
2019
2020
2020
2020
2020
2020
2020
2021
2021
2021
2021
2022
2022
2022
2023
2023
2023
2023
2024
2024
2024
2025
2025
2025
2025
2025
2025
2025
2026
2026
2026
2027
2027
2027
2028
2028
2028
2028
2028
2028
2028
2028
2028
2029
2029
2029
2029
2029
2029
2029
2030
2030
2030
2030
2030
2031
2031
2031
2031
2032
2032
2032
2032
2032
2033
2033
2034
2034
2034
2035
2035
2035
2036
2036
2036
2036
2036
2037
2037
2037
2037
2037
2037
2038
2038
2039
2039
2039
2039
2039
2039
2039
2040
2040
2040
2041
2042
2042
2042
2042
2042
2043
2043
2043
2043
2043
2043
2044
2044
2045
2046
2046
2046
2046
2046
2046
2046
2046
2046
2046
2046
2047
2047
2047
2047
2047
2048
2048
2048
2048
2049
2049
2049
2050
2050
2050
2051
2051
2051
2051
2052
2052
2053
2053
2053
2053
2054
2054
2054
2055
2055
2055
2056
2056
2056
2057
2057
2057
2058
2058
2058
2059
2059
2060
2060
2061
2061
2061
2062
2062
2062
2063
2063
2063
2064
2064
2065
2065
2065
2066
2066
2066
2066
2066
2067
2068
2068
2068
2068
2069
2069
2069
2070
2070
2071
2072
2072
2072
2072
2072
2072
2073
2074
2074
2074
2074
2075
2075
2075
2076
2076
2077
2077
2078
2078
2078
2078
2078
2079
2079
2079
2079
2080
2080
2081
2082
2082
2082
2083
2083
2083
2083
2083
2084
2086
2086
2087
2089
2090
2091
2092
2092
2092
2093
2093
2093
2094
2094
2094
2094
2095
2095
2097
2097
2099
2099
2100
2102
2102
2102
2103
2103
2103
2104
2104
2104
2104
2104
2105
2105
2106
2106
2107
2107
2108
2110
2111
2111
2112
2113
2113
2113
2113
2114
2115
2115
2116
2116
2117
2118
2118
2119
2119
2120
2120
2121
2122
2122
2123
2123
2123
2126
2128
2130
2131
2133
2133
2134
2134
2134
2136
2137
2137
2137
2137
2137
2139
2140
2141
2141
2143
2144
2147
2149
2149
2151
2152
2152
2156
2156
2156
2157
2157
2159
2160
2160
2161
2161
2161
2165
2166
2168
2169
2170
2174
2175
2179
2182
2183
2184
2184
2185
2188
2188
2191
2191
2194
2196
2197
2197
2199
2199
2200
2201
2204
2205
2207
2207
2214
2214
2216
2217
2217
2217
2218
2219
2223
2224
2225
2225
2226
2231
2231
2231
2231
2232
2235
2235
2237
2238
2239
2239
2244
2246
2250
2253
2264
2265
2265
2266
2267
2269
2269
2270
2272
2275
2279
2282
2285
2287
2290
2291
2292
2293
2294
2298
2299
2300
2300
2301
2302
2303
2304
2306
2306
2307
2308
2309
2315
2317
2320
2321
2322
2323
2326
2327
2329
2329
2329
2330
2332
2339
2341
2341
2343
2345
2346
2350
2352
2352
2353
2355
2355
2359
2359
2361
2364
2364
2365
2369
2369
2371
2374
2376
2379
2379
2380
2391
2393
2395
2395
2396
2404
2407
2410
2410
2412
2416
2422
2428
2428
2439
2444
2448
2467
2474
2475
2492
2494
2497
2497
2502
2505
2525
2531
2536
2543
2543
2549
2571
2578
2587
2607
2618
2638
2654
2665
2707
2720
2728
2903
4392
4471
4650
4722
4722
4757
4770
4788
4790
4793
4799
4807
4823
4828
4830
4831
4834
4836
4847
4848
4850
4851
4854
4856
4860
4862
4863
4865
4868
4869
4870
4870
4871
4873
4874
4877
4878
4878
4879
4880
4887
4887
4890
4891
4891
4894
4895
4895
4896
4898
4903
4905
4909
4921
4933
4934
4934
4934
4934
4938
4940
4942
4946
4961
4962
4964
4964
4970
4974
4974
4976
4979
4982
4982
4983
4983
4984
4984
4988
4997
5000
5000
5005
5007
5010
5011
5014
5015
5020
5022
5024
5030
5031
5036
5037
5040
5044
5052
5052
5056
5063
5064
5065
5067
5077
5081
5083
5084
5087
5087
5089
5090
5091
5095
5100
5100
5102
5108
5109
5109
5110
5114
5114
5118
5118
5119
5122
5122
5123
5125
5126
5128
5133
5134
5140
5142
5144
5147
5150
5152
5152
5156
5157
5157
5159
5160
5160
5161
5161
5165
5166
5168
5169
5171
5172
5174
5175
5176
5179
5180
5181
5182
5183
5186
5186
5189
5190
5190
5193
5193
5196
5196
5198
5198
5201
5202
5202
5203
5204
5205
5205
5208
5211
5211
5212
5214
5214
5214
5215
5215
5216
5216
5217
5218
5219
5219
5222
5226
5227
5228
5229
5231
5233
5233
5236
5240
5240
5241
5242
5242
5243
5243
5243
5243
5249
5250
5251
5251
5252
5252
5252
5253
5253
5254
5254
5255
5257
5257
5258
5258
5259
5259
5259
5260
5261
5262
5262
5263
5264
5264
5268
5269
5269
5270
5270
5272
5273
5273
5273
5273
5275
5275
5275
5276
5279
5280
5280
5281
5281
5282
5283
5283
5283
5284
5285
5285
5285
5286
5288
5288
5289
5290
5292
5294
5297
5297
5297
5298
5298
5298
5299
5301
5301
5302
5304
5304
5304
5305
5305
5307
5307
5310
5311
5312
5313
5314
5314
5316
5317
5319
5321
5322
5322
5323
5323
5325
5326
5328
5328
5330
5332
5332
5334
5334
5335
5337
5337
5338
5341
5341
5342
5342
5342
5344
5344
5345
5347
5349
5351
5351
5351
5352
5352
5353
5353
5357
5359
5359
5360
5360
5360
5361
5361
5361
5362
5363
5363
5364
5364
5364
5366
5367
5368
5371
5371
5371
5371
5373
5374
5376
5378
5380
5382
5382
5383
5384
5386
5388
5388
5388
5389
5389
5389
5390
5390
5391
5392
5394
5395
5396
5397
5397
5401
5401
5401
5402
5402
5403
5403
5405
5405
5405
5406
5406
5407
5407
5410
5412
5413
5416
5416
5416
5417
5419
5419
5421
5422
5423
5427
5427
5428
5428
5429
5430
5432
5432
5433
5434
5435
5436
5437
5437
5437
5439
5439
5439
5440
5442
5442
5442
5443
5444
5446
5447
5447
5448
5449
5450
5451
5451
5452
5452
5452
5453
5454
5454
5456
5456
5456
5458
5458
5458
5459
5459
5459
5459
5465
5465
5466
5469
5469
5469
5471
5471
5471
5474
5474
5474
5478
5478
5481
5481
5481
5483
5484
5484
5485
5486
5488
5489
5491
5492
5493
5493
5494
5498
5499
5500
5501
5501
5503
5503
5504
5504
5504
5505
5506
5508
5508
5509
5511
5511
5513
5514
5515
5516
5516
5516
5517
5517
5518
5519
5520
5521
5523
5524
5528
5528
5530
5530
5531
5534
5536
5536
5537
5537
5539
5539
5542
5543
5544
5545
5546
5552
5554
5555
5555
5556
5556
5557
5558
5558
5558
5558
5559
5560
5562
5563
5563
5564
5565
5565
5566
5566
5566
5567
5568
5569
5571
5573
5574
5576
5579
5579
5581
5581
5581
5583
5583
5583
5585
5586
5586
5587
5587
5589
5590
5590
5591
5591
5591
5592
5593
5594
5595
5595
5597
5598
5598
5599
5600
5600
5601
5603
5603
5604
5606
5606
5607
5607
5607
5607
5608
5609
5610
5612
5612
5612
5613
5615
5615
5615
5616
5617
5618
5618
5619
5621
5621
5623
5623
5624
5624
5625
5626
5626
5626
5627
5629
5630
5630
5630
5630
5631
5632
5633
5634
5634
5635
5636
5638
5638
5638
5640
5640
5641
5642
5643
5644
5645
5645
5645
5646
5649
5649
5652
5654
5655
5656
5657
5657
5658
5658
5659
5660
5663
5664
5664
5664
5666
5666
5668
5669
5671
5671
5673
5675
5676
5676
5677
5678
5679
5682
5682
5683
5683
5684
5684
5684
5685
5685
5688
5689
5689
5689
5690
5692
5693
5693
5693
5694
5695
5695
5695
5696
5697
5697
5700
5701
5702
5704
5705
5705
5706
5707
5708
5708
5709
5710
5710
5711
5711
5712
5713
5714
5714
5715
5716
5716
5717
5718
5720
5721
5722
5722
5722
5723
5724
5724
5725
5725
5726
5727
5729
5729
5731
5733
5733
5734
5734
5734
5735
5736
5736
5736
5736
5738
5739
5739
5741
5742
5746
5748
5748
5752
5753
5753
5754
5754
5755
5755
5756
5758
5758
5760
5760
5761
5761
5762
5763
5764
5765
5766
5766
5766
5767
5770
5771
5772
5773
5773
5775
5775
5775
5777
5781
5781
5782
5782
5782
5783
5783
5784
5785
5785
5785
5785
5788
5788
5790
5793
5794
5795
5796
5798
5798
5800
5801
5802
5802
5803
5804
5804
5804
5804
5805
5806
5807
5807
5808
5808
5810
5810
5812
5813
5815
5815
5818
5818
5819
5820
5820
5820
5821
5823
5823
5824
5826
5826
5828
5828
5828
5828
5828
5828
5829
5829
5830
5830
5830
5831
5833
5833
5835
5835
5836
5836
5836
5838
5838
5839
5841
5841
5841
5841
5843
5845
5845
5845
5846
5849
5850
5850
5851
5851
5853
5854
5854
5855
5855
5856
5856
5856
5857
5857
5859
5859
5860
5860
5862
5863
5864
5864
5864
5865
5866
5867
5867
5867
5868
5868
5868
5871
5871
5871
5871
5874
5874
5874
5876
5876
5877
5877
5878
5878
5879
5879
5879
5880
5880
5880
5882
5882
5882
5885
5885
5886
5887
5887
5887
5888
5889
5891
5891
5894
5895
5895
5895
5895
5896
5896
5897
5897
5898
5899
5900
5900
5900
5901
5901
5903
5905
5907
5907
5907
5907
5908
5908
5908
5909
5914
5914
5915
5916
5916
5916
5916
5917
5917
5920
5921
5922
5923
5923
5924
5925
5925
5926
5927
5928
5928
5928
5928
5929
5929
5929
5929
5930
5931
5932
5933
5934
5934
5936
5936
5937
5940
5940
5941
5941
5942
5943
5943
5943
5945
5947
5948
5948
5949
5949
5951
5951
5951
5952
5954
5954
5954
5954
5954
5955
5956
5956
5956
5957
5958
5959
5959
5960
5960
5961
5962
5962
5963
5964
5964
5964
5964
5965
5966
5966
5966
5967
5967
5968
5968
5969
5971
5971
5972
5972
5972
5974
5974
5977
5978
5978
5981
5981
5984
5986
5986
5986
5987
5987
5987
5988
5989
5989
5991
5991
5993
5996
5996
5997
5997
5997
5998
5998
6001
6001
6001
6001
6002
6002
6002
6003
6003
6003
6003
6003
6005
6006
6008
6009
6011
6011
6013
6015
6015
6015
6017
6017
6017
6018
6019
6019
6020
6021
6021
6023
6024
6024
6025
6025
6027
6028
6028
6028
6028
6029
6029
6030
6032
6032
6033
6033
6035
6036
6038
6039
6039
6040
6041
6041
6042
6043
6043
6043
6044
6045
6045
6045
6046
6048
6048
6048
6049
6050
6052
6052
6054
6055
6055
6056
6057
6058
6058
6058
6058
6059
6059
6060
6061
6061
6061
6061
6062
6063
6064
6065
6065
6065
6066
6067
6067
6068
6070
6070
6070
6070
6072
6073
6074
6074
6074
6075
6075
6075
6075
6077
6077
6078
6079
6080
6081
6083
6084
6087
6088
6088
6089
6089
6090
6090
6090
6090
6091
6091
6091
6092
6092
6092
6094
6095
6097
6097
6097
6097
6098
6098
6098
6099
6102
6102
6102
6105
6105
6105
6106
6106
6107
6107
6108
6108
6109
6109
6109
6109
6110
6111
6111
6111
6112
6113
6113
6114
6115
6115
6115
6115
6116
6117
6117
6118
6119
6119
6119
6120
6120
6120
6121
6121
6123
6123
6124
6125
6125
6125
6125
6127
6127
6129
6129
6129
6131
6132
6133
6134
6135
6136
6138
6138
6138
6138
6139
6139
6139
6139
6141
6141
6142
6142
6142
6143
6144
6145
6145
6145
6146
6146
6147
6148
6148
6148
6148
6149
6150
6150
6151
6151
6151
6151
6152
6152
6152
6153
6154
6154
6154
6154
6157
6157
6157
6157
6157
6158
6158
6158
6158
6158
6159
6160
6160
6160
6160
6161
6161
6161
6164
6165
6166
6166
6167
6167
6167
6167
6167
6168
6168
6168
6169
6169
6169
6171
6171
6171
6171
6172
6172
6172
6173
6173
6174
6175
6175
6175
6175
6176
6176
6177
6177
6178
6178
6178
6178
6179
6180
6181
6181
6184
6185
6185
6185
6186
6187
6187
6188
6188
6189
6189
6189
6191
6191
6192
6195
6195
6196
6197
6197
6198
6198
6199
6199
6199
6200
6200
6201
6201
6202
6204
6206
6207
6207
6207
6208
6209
6210
6210
6210
6211
6211
6212
6212
6213
6214
6215
6215
6217
6217
6217
6220
6220
6222
6222
6222
6223
6224
6224
6225
6227
6228
6228
6228
6228
6228
6230
6230
6231
6231
6232
6232
6232
6233
6234
6234
6234
6235
6235
6236
6237
6237
6237
6238
6241
6242
6243
6243
6244
6245
6245
6245
6246
6246
6248
6248
6248
6248
6249
6250
6250
6251
6251
6252
6254
6256
6256
6258
6258
6258
6261
6261
6262
6262
6262
6262
6263
6263
6264
6265
6267
6267
6268
6268
6269
6269
6270
6270
6270
6271
6271
6272
6272
6273
6273
6274
6274
6274
6275
6276
6277
6277
6277
6277
6278
6278
6279
6279
6279
6280
6281
6282
6283
6283
6283
6283
6284
6285
6285
6285
6286
6286
6286
6287
6287
6288
6288
6290
6292
6292
6292
6292
6293
6294
6294
6295
6297
6298
6299
6300
6301
6301
6301
6303
6304
6306
6306
6307
6308
6308
6308
6309
6309
6309
6309
6310
6311
6311
6312
6313
6313
6314
6315
6316
6316
6316
6318
6318
6318
6322
6323
6324
6324
6326
6329
6330
6332
6333
6334
6335
6335
6335
6336
6336
6337
6337
6338
6338
6339
6339
6339
6341
6341
6341
6342
6342
6342
6343
6343
6343
6345
6347
6349
6350
6351
6351
6352
6352
6352
6352
6353
6354
6354
6354
6355
6355
6356
6357
6357
6358
6359
6359
6360
6362
6362
6365
6366
6367
6367
6367
6368
6368
6370
6370
6371
6371
6371
6371
6372
6373
6373
6374
6374
6375
6375
6376
6376
6377
6377
6378
6378
6378
6379
6380
6381
6381
6382
6382
6382
6382
6383
6383
6385
6386
6386
6386
6387
6387
6387
6387
6389
6390
6390
6391
6392
6392
6392
6393
6393
6395
6396
6396
6397
6398
6399
6400
6401
6403
6403
6404
6404
6405
6405
6405
6406
6406
6406
6407
6407
6407
6408
6408
6409
6410
6410
6413
6414
6414
6414
6415
6415
6416
6416
6416
6417
6418
6418
6418
6420
6420
6422
6422
6423
6424
6425
6425
6426
6426
6427
6428
6428
6428
6429
6430
6430
6430
6430
6430
6431
6431
6431
6431
6433
6433
6434
6434
6435
6435
6436
6436
6437
6437
6438
6439
6439
6440
6441
6441
6441
6442
6442
6443
6443
6444
6444
6445
6446
6447
6447
6448
6448
6449
6449
6450
6450
6451
6451
6453
6454
6454
6455
6456
6456
6456
6457
6458
6458
6459
6459
6460
6460
6461
6461
6462
6462
6464
6464
6464
6464
6465
6465
6466
6466
6466
6466
6466
6466
6470
6471
6473
6473
6474
6475
6475
6478
6479
6479
6480
6480
6481
6481
6482
6482
6483
6484
6485
6485
6487
6487
6489
6491
6491
6491
6492
6493
6493
6493
6494
6494
6496
6497
6498
6499
6499
6500
6500
6502
6503
6503
6503
6504
6504
6506
6506
6507
6507
6509
6509
6509
6509
6510
6511
6514
6514
6514
6514
6514
6516
6517
6517
6518
6519
6520
6520
6520
6521
6523
6523
6524
6524
6524
6525
6525
6526
6526
6527
6528
6529
6529
6529
6529
6530
6530
6530
6531
6531
6532
6532
6534
6535
6535
6537
6538
6538
6538
6538
6539
6539
6540
6540
6541
6542
6542
6543
6543
6544
6544
6545
6545
6546
6548
6548
6548
6548
6549
6549
6552
6552
6552
6552
6553
6553
6554
6555
6555
6556
6557
6557
6559
6559
6560
6560
6560
6561
6563
6563
6564
6564
6564
6565
6565
6566
6567
6567
6567
6567
6568
6569
6569
6570
6570
6571
6572
6572
6572
6573
6573
6574
6575
6577
6577
6577
6577
6578
6580
6580
6580
6581
6582
6582
6582
6582
6582
6582
6583
6583
6584
6584
6585
6585
6585
6586
6586
6587
6587
6587
6588
6588
6589
6590
6590
6591
6591
6591
6592
6592
6592
6593
6594
6594
6595
6595
6596
6596
6597
6598
6598
6598
6600
6600
6601
6602
6603
6604
6605
6605
6605
6608
6608
6608
6609
6609
6610
6611
6611
6611
6611
6611
6611
6612
6612
6614
6614
6615
6616
6617
6617
6618
6618
6619
6620
6621
6621
6623
6623
6624
6624
6625
6625
6626
6627
6627
6627
6629
6629
6629
6630
6630
6630
6630
6631
6631
6631
6632
6634
6634
6635
6635
6636
6637
6637
6640
6640
6640
6641
6642
6644
6645
6645
6646
6646
6647
6647
6648
6649
6650
6650
6651
6652
6653
6653
6654
6654
6655
6655
6656
6657
6659
6661
6662
6663
6663
6663
6664
6665
6665
6665
6665
6666
6666
6667
6668
6668
6669
6669
6670
6671
6673
6673
6674
6675
6675
6678
6678
6679
6679
6679
6680
6680
6680
6682
6683
6684
6686
6686
6686
6687
6687
6688
6688
6689
6690
6691
6691
6692
6692
6693
6693
6695
6695
6697
6698
6699
6699
6700
6700
6700
6700
6701
6702
6702
6702
6703
6705
6707
6707
6707
6710
6710
6710
6710
6712
6712
6713
6714
6715
6716
6716
6717
6717
6718
6718
6720
6720
6721
6722
6722
6722
6723
6727
6727
6727
6728
6728
6728
6729
6729
6729
6730
6731
6732
6736
6736
6736
6736
6737
6738
6738
6740
6741
6744
6744
6746
6747
6747
6748
6748
6748
6749
6750
6750
6750
6751
6752
6752
6753
6753
6753
6753
6754
6754
6755
6756
6756
6759
6761
6762
6763
6763
6764
6764
6765
6766
6766
6768
6770
6770
6770
6770
6771
6771
6772
6773
6774
6775
6776
6777
6779
6780
6780
6781
6781
6782
6782
6783
6784
6785
6786
6787
6787
6788
6790
6790
6791
6792
6792
6793
6798
6800
6800
6800
6801
6805
6806
6806
6807
6807
6808
6808
6808
6808
6808
6810
6811
6811
6812
6812
6812
6812
6815
6817
6817
6818
6818
6820
6821
6822
6822
6823
6825
6826
6827
6827
6832
6832
6832
6835
6835
6836
6837
6837
6838
6839
6841
6841
6842
6843
6843
6844
6845
6845
6847
6849
6850
6853
6854
6856
6856
6857
6858
6858
6858
6858
6859
6864
6866
6866
6866
6868
6868
6869
6871
6871
6871
6872
6872
6874
6874
6874
6877
6877
6879
6879
6879
6880
6883
6884
6884
6886
6887
6887
6887
6888
6891
6892
6892
6893
6896
6898
6898
6898
6899
6900
6901
6901
6902
6905
6906
6907
6908
6908
6909
6910
6912
6913
6915
6915
6915
6916
6919
6919
6920
6921
6922
6922
6922
6922
6923
6923
6925
6927
6927
6927
6930
6930
6931
6932
6932
6934
6935
6935
6935
6936
6936
6936
6938
6939
6939
6940
6943
6944
6945
6946
6946
6946
6951
6951
6953
6954
6954
6955
6956
6958
6958
6959
6959
6959
6961
6962
6963
6964
6965
6969
6969
6970
6972
6973
6975
6977
6977
6980
6981
6982
6983
6983
6987
6990
6991
6993
6996
6996
6996
6997
6998
6998
6998
7000
7001
7004
7004
7006
7006
7006
7006
7007
7007
7007
7007
7008
7009
7010
7010
7011
7012
7013
7013
7014
7015
7015
7017
7019
7022
7022
7023
7023
7023
7024
7024
7025
7025
7026
7027
7027
7030
7032
7032
7033
7033
7034
7035
7035
7038
7038
7038
7042
7044
7045
7047
7048
7049
7049
7050
7051
7054
7054
7055
7055
7056
7057
7061
7062
7063
7063
7064
7064
7065
7065
7066
7066
7067
7068
7068
7069
7071
7071
7073
7077
7078
7080
7080
7081
7083
7084
7085
7086
7089
7091
7094
7094
7094
7095
7096
7097
7097
7098
7098
7100
7101
7101
7102
7102
7105
7106
7106
7108
7108
7110
7111
7112
7112
7112
7116
7116
7116
7117
7118
7120
7123
7123
7124
7125
7127
7128
7129
7131
7131
7133
7133
7133
7135
7136
7137
7137
7137
7138
7140
7141
7141
7142
7142
7142
7144
7144
7145
7145
7147
7147
7148
7148
7148
7149
7152
7152
7153
7154
7154
7155
7155
7155
7156
7158
7158
7159
7159
7159
7159
7161
7161
7162
7162
7162
7162
7163
7163
7163
7164
7165
7165
7166
7166
7167
7169
7169
7171
7172
7172
7172
7172
7175
7176
7176
7176
7177
7177
7179
7180
7180
7181
7181
7186
7188
7190
7192
7193
7194
7194
7194
7196
7197
7198
7199
7199
7200
7202
7204
7204
7205
7205
7206
7209
7209
7210
7210
7212
7212
7213
7216
7217
7219
7221
7223
7225
7226
7229
7230
7234
7237
7239
7239
7240
7240
7242
7243
7243
7244
7244
7244
7244
7245
7246
7258
7258
7263
7267
7270
7272
7272
7273
7276
7280
7290
7290
7291
7298
7302
7308
7310
7312
7315
7316
7321
7328
7329
7329
7331
7343
7350
7360
7364
7365
7371
7376
7378
7385
7399
7408
7408
7412
7453
7453
7458
7460