53	0	0
54	0	0
55	0	0
57	0	0
58	0	0
59	0	0
60	0	66
61	0	0
52	1	58
53	1	57
54	1	57
55	1	56
56	1	0
57	1	56
58	1	61
59	1	59
60	1	61
61	1	62
62	1	0
49	2	0
51	2	0
52	2	56
53	2	57
54	2	58
55	2	56
56	2	58
57	2	54
58	2	59
59	2	58
60	2	56
61	2	58
45	3	57
46	3	58
47	3	60
48	3	59
49	3	61
50	3	57
51	3	59
52	3	58
53	3	58
54	3	58
55	3	58
56	3	58
57	3	58
58	3	58
59	3	58
60	3	59
61	3	58
62	3	57
63	3	58
64	3	60
44	4	56
45	4	58
46	4	56
47	4	59
48	4	58
49	4	58
50	4	56
51	4	58
52	4	55
53	4	59
54	4	57
55	4	58
56	4	58
57	4	58
58	4	58
59	4	58
60	4	58
61	4	58
62	4	57
63	4	57
64	4	57
65	4	56
43	5	56
44	5	58
45	5	58
46	5	59
47	5	57
48	5	58
49	5	59
50	5	55
51	5	57
52	5	57
53	5	57
54	5	58
55	5	58
56	5	58
57	5	58
58	5	57
59	5	58
60	5	58
61	5	58
62	5	58
63	5	57
64	5	56
65	5	58
66	5	60
42	6	58
43	6	56
44	6	58
45	6	59
46	6	57
47	6	59
48	6	56
49	6	58
50	6	59
51	6	58
52	6	57
53	6	57
54	6	57
55	6	58
56	6	58
57	6	58
58	6	58
59	6	58
60	6	58
61	6	58
62	6	57
63	6	58
64	6	59
65	6	58
66	6	58
67	6	57
42	7	58
43	7	57
44	7	57
45	7	58
46	7	58
47	7	59
48	7	59
49	7	58
50	7	58
51	7	58
52	7	57
53	7	57
54	7	58
55	7	57
56	7	57
57	7	58
58	7	58
59	7	57
60	7	57
61	7	58
62	7	58
63	7	58
64	7	59
65	7	58
66	7	59
67	7	58
68	7	59
41	8	60
42	8	58
43	8	58
44	8	58
45	8	57
46	8	58
47	8	58
48	8	58
49	8	59
50	8	57
51	8	57
52	8	58
53	8	57
54	8	57
55	8	57
56	8	57
57	8	57
58	8	58
59	8	57
60	8	57
61	8	58
62	8	57
63	8	58
64	8	57
65	8	60
66	8	57
67	8	58
68	8	58
69	8	58
40	9	59
41	9	60
42	9	60
43	9	59
44	9	58
45	9	58
46	9	58
47	9	57
48	9	58
49	9	57
50	9	57
51	9	57
52	9	57
53	9	57
54	9	57
55	9	57
56	9	57
57	9	57
58	9	57
59	9	58
60	9	58
61	9	58
62	9	58
63	9	58
64	9	58
65	9	60
66	9	58
67	9	60
68	9	59
69	9	60
70	9	59
40	10	60
41	10	61
42	10	60
43	10	60
44	10	59
45	10	59
46	10	59
47	10	58
48	10	57
49	10	58
50	10	57
51	10	57
52	10	57
53	10	57
54	10	57
55	10	57
56	10	57
57	10	57
58	10	57
59	10	57
60	10	57
61	10	57
62	10	58
63	10	58
64	10	57
65	10	58
66	10	61
67	10	61
68	10	60
69	10	60
70	10	63
39	11	58
40	11	62
41	11	61
42	11	61
43	11	59
44	11	59
45	11	58
46	11	58
47	11	58
48	11	58
49	11	57
50	11	57
51	11	57
52	11	57
53	11	57
54	11	58
55	11	57
56	11	58
57	11	57
58	11	57
59	11	57
60	11	58
61	11	58
62	11	58
63	11	58
64	11	58
65	11	60
66	11	59
67	11	60
68	11	58
69	11	62
70	11	69
38	12	70
39	12	61
40	12	61
41	12	60
42	12	59
43	12	58
44	12	58
45	12	59
46	12	58
47	12	58
48	12	58
49	12	58
50	12	57
51	12	57
52	12	57
53	12	57
54	12	57
55	12	57
56	12	57
57	12	57
58	12	58
59	12	57
60	12	57
61	12	57
62	12	58
63	12	59
64	12	62
65	12	59
66	12	60
67	12	63
68	12	61
69	12	59
38	13	60
39	13	60
40	13	62
41	13	59
42	13	59
43	13	58
44	13	58
45	13	58
46	13	57
47	13	58
48	13	57
49	13	58
50	13	58
51	13	57
52	13	57
53	13	57
54	13	57
55	13	57
56	13	57
57	13	57
58	13	57
59	13	57
60	13	57
61	13	57
62	13	58
63	13	59
64	13	59
65	13	64
66	13	60
67	13	65
68	13	64
37	14	64
38	14	62
39	14	59
40	14	60
41	14	59
42	14	59
43	14	59
44	14	58
45	14	58
46	14	58
47	14	58
48	14	58
49	14	58
50	14	58
51	14	57
52	14	56
53	14	56
54	14	57
55	14	58
56	14	57
57	14	57
58	14	57
59	14	57
60	14	57
61	14	57
62	14	58
63	14	59
64	14	59
65	14	65
66	14	59
67	14	62
68	14	0
37	15	63
38	15	63
39	15	61
40	15	61
41	15	59
42	15	60
43	15	59
44	15	60
45	15	56
46	15	57
47	15	58
48	15	57
49	15	57
50	15	58
51	15	56
52	15	56
53	15	56
54	15	56
55	15	57
56	15	58
57	15	58
58	15	58
59	15	56
60	15	57
61	15	57
62	15	58
63	15	59
64	15	59
65	15	59
66	15	59
67	15	61
37	16	60
38	16	60
39	16	60
40	16	61
41	16	59
42	16	60
43	16	59
44	16	57
45	16	58
46	16	58
47	16	58
48	16	57
49	16	57
50	16	57
51	16	56
52	16	56
53	16	56
54	16	56
55	16	57
56	16	58
57	16	58
58	16	57
59	16	57
60	16	58
61	16	57
62	16	58
63	16	59
64	16	58
65	16	58
66	16	59
67	16	59
68	16	60
38	17	60
39	17	60
40	17	60
41	17	60
42	17	59
43	17	60
44	17	58
45	17	57
46	17	57
47	17	57
48	17	57
49	17	57
50	17	56
51	17	56
52	17	56
53	17	56
54	17	56
55	17	57
56	17	57
57	17	58
58	17	57
59	17	57
60	17	57
61	17	57
62	17	59
63	17	58
64	17	57
65	17	58
66	17	58
67	17	60
68	17	60
69	17	63
39	18	60
40	18	58
41	18	58
42	18	57
43	18	58
44	18	57
45	18	58
46	18	57
47	18	57
48	18	57
49	18	56
50	18	56
51	18	56
52	18	56
53	18	56
54	18	57
55	18	56
56	18	57
57	18	57
58	18	57
59	18	57
60	18	57
61	18	57
62	18	57
63	18	57
64	18	58
65	18	57
66	18	58
67	18	59
68	18	59
69	18	62
70	18	67
38	19	0
39	19	60
40	19	58
41	19	59
42	19	58
43	19	58
44	19	58
45	19	57
46	19	57
47	19	57
48	19	57
49	19	56
50	19	56
51	19	55
52	19	55
53	19	56
54	19	56
55	19	56
56	19	57
57	19	57
58	19	57
59	19	57
60	19	57
61	19	57
62	19	57
63	19	57
64	19	57
65	19	57
66	19	58
67	19	58
68	19	57
69	19	62
70	19	64
71	19	63
39	20	62
40	20	59
41	20	58
42	20	59
43	20	57
44	20	57
45	20	57
46	20	57
47	20	57
48	20	57
49	20	57
50	20	56
51	20	56
52	20	55
53	20	55
54	20	55
55	20	56
56	20	57
57	20	57
58	20	57
59	20	57
60	20	57
61	20	57
62	20	57
63	20	57
64	20	58
65	20	57
66	20	59
67	20	62
68	20	62
69	20	62
70	20	64
71	20	63
72	20	63
38	21	61
39	21	60
40	21	59
41	21	58
42	21	58
43	21	57
44	21	57
45	21	57
46	21	57
47	21	57
48	21	57
49	21	55
50	21	55
51	21	56
52	21	56
53	21	56
54	21	56
55	21	56
56	21	57
57	21	57
58	21	57
59	21	57
60	21	57
61	21	57
62	21	57
63	21	57
64	21	57
65	21	58
66	21	58
67	21	62
68	21	61
69	21	62
70	21	62
71	21	62
72	21	63
38	22	60
39	22	64
40	22	59
41	22	58
42	22	57
43	22	57
44	22	57
45	22	57
46	22	57
47	22	57
48	22	57
49	22	57
50	22	56
51	22	57
52	22	56
53	22	56
54	22	56
55	22	56
56	22	57
57	22	57
58	22	56
59	22	56
60	22	56
61	22	56
62	22	57
63	22	57
64	22	57
65	22	58
66	22	59
67	22	64
68	22	63
69	22	62
70	22	63
71	22	62
72	22	63
38	23	63
39	23	62
40	23	58
41	23	58
42	23	58
43	23	57
44	23	57
45	23	57
46	23	57
47	23	56
48	23	57
49	23	57
50	23	56
51	23	56
52	23	56
53	23	55
54	23	55
55	23	56
56	23	56
57	23	56
58	23	56
59	23	56
60	23	56
61	23	57
62	23	57
63	23	57
64	23	58
65	23	58
66	23	58
67	23	63
68	23	63
69	23	63
70	23	62
71	23	62
72	23	62
38	24	63
39	24	60
40	24	59
41	24	58
42	24	57
43	24	58
44	24	58
45	24	57
46	24	57
47	24	57
48	24	56
49	24	56
50	24	56
51	24	56
52	24	56
53	24	55
54	24	55
55	24	56
56	24	56
57	24	56
58	24	56
59	24	56
60	24	56
61	24	56
62	24	56
63	24	57
64	24	57
65	24	57
66	24	58
67	24	63
68	24	63
69	24	62
70	24	62
71	24	63
72	24	65
38	25	63
39	25	60
40	25	60
41	25	58
42	25	58
43	25	58
44	25	57
45	25	57
46	25	56
47	25	56
48	25	56
49	25	56
50	25	56
51	25	55
52	25	55
53	25	55
54	25	55
55	25	56
56	25	56
57	25	56
58	25	56
59	25	56
60	25	56
61	25	57
62	25	57
63	25	57
64	25	57
65	25	57
66	25	60
67	25	62
68	25	63
69	25	63
70	25	63
71	25	62
38	26	63
39	26	61
40	26	59
41	26	58
42	26	58
43	26	58
44	26	57
45	26	57
46	26	57
47	26	56
48	26	56
49	26	56
50	26	56
51	26	55
52	26	55
53	26	55
54	26	55
55	26	56
56	26	56
57	26	56
58	26	56
59	26	56
60	26	56
61	26	57
62	26	57
63	26	57
64	26	58
65	26	58
66	26	61
67	26	62
68	26	64
69	26	63
70	26	63
39	27	61
40	27	60
41	27	58
42	27	58
43	27	58
44	27	58
45	27	57
46	27	57
47	27	56
48	27	56
49	27	56
50	27	56
51	27	56
52	27	56
53	27	55
54	27	55
55	27	56
56	27	56
57	27	56
58	27	56
59	27	56
60	27	56
61	27	57
62	27	56
63	27	57
64	27	57
65	27	58
66	27	61
67	27	63
68	27	63
69	27	61
39	28	64
40	28	60
41	28	61
42	28	58
43	28	58
44	28	57
45	28	57
46	28	57
47	28	56
48	28	56
49	28	56
50	28	56
51	28	56
52	28	56
53	28	56
54	28	56
55	28	57
56	28	56
57	28	56
58	28	56
59	28	56
60	28	56
61	28	57
62	28	57
63	28	57
64	28	58
65	28	58
66	28	61
67	28	61
68	28	63
40	29	61
41	29	59
42	29	58
43	29	58
44	29	58
45	29	57
46	29	57
47	29	56
48	29	56
49	29	57
50	29	57
51	29	56
52	29	57
53	29	56
54	29	56
55	29	56
56	29	56
57	29	56
58	29	56
59	29	56
60	29	56
61	29	56
62	29	57
63	29	58
64	29	58
65	29	58
66	29	62
67	29	63
41	30	60
42	30	60
43	30	58
44	30	57
45	30	57
46	30	57
47	30	56
48	30	57
49	30	56
50	30	57
51	30	56
52	30	56
53	30	56
54	30	56
55	30	56
56	30	56
57	30	56
58	30	56
59	30	56
60	30	56
61	30	57
62	30	56
63	30	57
64	30	59
65	30	60
66	30	63
42	31	60
43	31	58
44	31	58
45	31	57
46	31	57
47	31	57
48	31	57
49	31	56
50	31	56
51	31	56
52	31	56
53	31	56
54	31	56
55	31	56
56	31	56
57	31	56
58	31	56
59	31	56
60	31	56
61	31	57
62	31	58
63	31	58
64	31	56
65	31	59
42	32	60
43	32	58
44	32	56
45	32	58
46	32	57
47	32	57
48	32	57
49	32	57
50	32	57
51	32	55
52	32	56
53	32	55
54	32	56
55	32	56
56	32	56
57	32	56
58	32	56
59	32	57
60	32	56
61	32	56
62	32	57
63	32	58
64	32	59
65	32	62
42	33	61
43	33	59
44	33	58
45	33	57
46	33	57
47	33	57
48	33	57
49	33	56
50	33	56
51	33	56
52	33	56
53	33	56
54	33	56
55	33	56
56	33	56
57	33	56
58	33	56
59	33	56
60	33	56
61	33	57
62	33	56
63	33	57
64	33	60
42	34	62
43	34	61
44	34	58
45	34	57
46	34	57
47	34	57
48	34	57
49	34	56
50	34	56
51	34	56
52	34	56
53	34	56
54	34	56
55	34	56
56	34	56
57	34	56
58	34	56
59	34	56
60	34	56
61	34	57
62	34	57
63	34	59
64	34	61
43	35	62
44	35	58
45	35	58
46	35	57
47	35	57
48	35	57
49	35	56
50	35	56
51	35	56
52	35	56
53	35	56
54	35	56
55	35	56
56	35	56
57	35	56
58	35	56
59	35	56
60	35	57
61	35	57
62	35	59
63	35	60
64	35	66
43	36	62
44	36	61
45	36	58
46	36	58
47	36	57
48	36	57
49	36	56
50	36	56
51	36	56
52	36	56
53	36	56
54	36	56
55	36	56
56	36	56
57	36	56
58	36	56
59	36	56
60	36	57
61	36	59
62	36	60
63	36	66
64	36	70
43	37	61
44	37	61
45	37	60
46	37	58
47	37	58
48	37	57
49	37	57
50	37	56
51	37	56
52	37	56
53	37	56
54	37	56
55	37	56
56	37	56
57	37	56
58	37	57
59	37	58
60	37	59
61	37	61
62	37	66
63	37	69
43	38	60
44	38	60
45	38	60
46	38	60
47	38	59
48	38	58
49	38	58
50	38	57
51	38	57
52	38	57
53	38	57
54	38	56
55	38	56
56	38	57
57	38	58
58	38	58
59	38	61
60	38	62
61	38	64
62	38	69
63	38	67
43	39	60
44	39	60
45	39	59
46	39	60
47	39	59
48	39	59
49	39	58
50	39	57
51	39	57
52	39	58
53	39	59
54	39	58
55	39	57
56	39	57
57	39	60
58	39	60
59	39	62
60	39	63
61	39	66
62	39	67
63	39	67
42	40	62
43	40	60
44	40	60
45	40	59
46	40	60
47	40	60
48	40	60
49	40	59
50	40	59
51	40	59
52	40	60
53	40	60
54	40	60
55	40	60
56	40	59
57	40	61
58	40	61
59	40	63
60	40	63
61	40	65
62	40	65
63	40	67
42	41	61
43	41	60
44	41	60
45	41	60
46	41	59
47	41	59
48	41	59
49	41	59
50	41	59
51	41	61
52	41	60
53	41	59
54	41	60
55	41	60
56	41	60
57	41	60
58	41	61
59	41	61
60	41	61
61	41	63
62	41	64
63	41	68
42	42	61
43	42	60
44	42	60
45	42	60
46	42	60
47	42	60
48	42	60
49	42	60
50	42	59
51	42	60
52	42	60
53	42	59
54	42	58
55	42	59
56	42	59
57	42	59
58	42	60
59	42	60
60	42	63
61	42	63
62	42	64
41	43	61
42	43	60
43	43	60
44	43	60
45	43	60
46	43	60
47	43	60
48	43	60
49	43	59
50	43	59
51	43	59
52	43	59
53	43	59
54	43	58
55	43	58
56	43	59
57	43	59
58	43	59
59	43	61
60	43	61
61	43	63
62	43	64
40	44	61
41	44	61
42	44	61
43	44	60
44	44	60
45	44	60
46	44	60
47	44	60
48	44	59
49	44	60
50	44	59
51	44	59
52	44	59
53	44	59
54	44	58
55	44	59
56	44	59
57	44	59
58	44	60
59	44	63
60	44	63
61	44	64
62	44	65
39	45	62
40	45	61
41	45	60
42	45	60
43	45	60
44	45	60
45	45	60
46	45	60
47	45	60
48	45	59
49	45	59
50	45	59
51	45	59
52	45	59
53	45	59
54	45	59
55	45	58
56	45	59
57	45	59
58	45	61
59	45	61
60	45	63
61	45	63
62	45	66
153	45	72
154	45	70
37	46	62
38	46	62
39	46	61
40	46	62
41	46	61
42	46	60
43	46	59
44	46	60
45	46	60
46	46	60
47	46	59
48	46	59
49	46	59
50	46	59
51	46	59
52	46	60
53	46	59
54	46	59
55	46	59
56	46	59
57	46	60
58	46	60
59	46	60
60	46	62
61	46	63
62	46	66
152	46	72
153	46	70
154	46	71
155	46	71
35	47	61
36	47	62
37	47	61
38	47	61
39	47	61
40	47	61
41	47	60
42	47	61
43	47	61
44	47	59
45	47	60
46	47	59
47	47	60
48	47	59
49	47	59
50	47	59
51	47	59
52	47	59
53	47	59
54	47	59
55	47	59
56	47	59
57	47	60
58	47	62
59	47	62
60	47	63
61	47	62
62	47	66
63	47	67
151	47	71
152	47	69
153	47	70
154	47	70
155	47	72
156	47	0
28	48	60
29	48	61
30	48	61
31	48	62
32	48	65
33	48	62
34	48	61
35	48	61
36	48	61
37	48	61
38	48	61
39	48	61
40	48	60
41	48	60
42	48	60
43	48	59
44	48	60
45	48	60
46	48	60
47	48	60
48	48	60
49	48	59
50	48	59
51	48	59
52	48	59
53	48	59
54	48	60
55	48	60
56	48	60
57	48	60
58	48	61
59	48	63
60	48	62
61	48	64
62	48	67
63	48	66
64	48	65
65	48	69
66	48	73
150	48	71
151	48	71
152	48	71
153	48	70
154	48	71
155	48	70
156	48	71
157	48	69
26	49	64
27	49	61
28	49	61
29	49	60
30	49	60
31	49	61
32	49	61
33	49	61
34	49	61
35	49	61
36	49	61
37	49	61
38	49	61
39	49	61
40	49	60
41	49	61
42	49	60
43	49	60
44	49	60
45	49	60
46	49	59
47	49	59
48	49	60
49	49	59
50	49	59
51	49	59
52	49	59
53	49	59
54	49	59
55	49	60
56	49	59
57	49	61
58	49	61
59	49	62
60	49	63
61	49	64
62	49	67
63	49	65
64	49	65
65	49	67
66	49	66
67	49	67
68	49	69
149	49	71
150	49	71
151	49	70
152	49	70
153	49	70
154	49	70
155	49	68
156	49	70
157	49	68
158	49	68
24	50	61
25	50	61
26	50	61
27	50	60
28	50	60
29	50	60
30	50	60
31	50	61
32	50	61
33	50	61
34	50	61
35	50	61
36	50	61
37	50	61
38	50	60
39	50	61
40	50	60
41	50	60
42	50	60
43	50	60
44	50	60
45	50	59
46	50	60
47	50	60
48	50	60
49	50	59
50	50	60
51	50	59
52	50	59
53	50	59
54	50	60
55	50	59
56	50	60
57	50	59
58	50	62
59	50	63
60	50	62
61	50	63
62	50	66
63	50	66
64	50	66
65	50	65
66	50	66
67	50	66
68	50	66
69	50	67
70	50	69
71	50	70
72	50	73
148	50	73
149	50	70
150	50	70
151	50	70
152	50	71
153	50	68
154	50	68
155	50	67
156	50	68
157	50	69
158	50	69
21	51	68
22	51	60
23	51	59
24	51	59
25	51	59
26	51	60
27	51	60
28	51	60
29	51	59
30	51	59
31	51	60
32	51	60
33	51	62
34	51	60
35	51	61
36	51	61
37	51	61
38	51	60
39	51	60
40	51	60
41	51	60
42	51	60
43	51	60
44	51	60
45	51	60
46	51	60
47	51	59
48	51	59
49	51	59
50	51	59
51	51	59
52	51	60
53	51	59
54	51	60
55	51	60
56	51	60
57	51	59
58	51	62
59	51	60
60	51	62
61	51	64
62	51	65
63	51	67
64	51	65
65	51	64
66	51	66
67	51	67
68	51	66
69	51	66
70	51	66
71	51	68
72	51	71
73	51	68
147	51	79
148	51	70
149	51	69
150	51	68
151	51	68
152	51	69
153	51	69
154	51	67
155	51	68
156	51	68
157	51	68
158	51	68
159	51	0
20	52	61
21	52	59
22	52	60
23	52	59
24	52	60
25	52	59
26	52	58
27	52	60
28	52	59
29	52	59
30	52	59
31	52	59
32	52	60
33	52	60
34	52	61
35	52	60
36	52	61
37	52	61
38	52	60
39	52	60
40	52	60
41	52	60
42	52	60
43	52	60
44	52	60
45	52	60
46	52	60
47	52	60
48	52	60
49	52	60
50	52	59
51	52	60
52	52	60
53	52	59
54	52	60
55	52	60
56	52	60
57	52	60
58	52	61
59	52	62
60	52	64
61	52	65
62	52	66
63	52	65
64	52	65
65	52	64
66	52	65
67	52	66
68	52	65
69	52	68
70	52	68
71	52	68
72	52	67
73	52	69
74	52	68
75	52	69
76	52	70
147	52	72
148	52	69
149	52	69
150	52	69
151	52	69
152	52	68
153	52	69
154	52	70
155	52	69
156	52	68
157	52	69
158	52	69
18	53	58
19	53	59
20	53	60
21	53	62
22	53	61
23	53	59
24	53	59
25	53	59
26	53	59
27	53	59
28	53	59
29	53	59
30	53	59
31	53	59
32	53	59
33	53	60
34	53	60
35	53	60
36	53	60
37	53	60
38	53	60
39	53	60
40	53	60
41	53	60
42	53	60
43	53	60
44	53	60
45	53	60
46	53	60
47	53	60
48	53	59
49	53	60
50	53	60
51	53	60
52	53	60
53	53	60
54	53	60
55	53	60
56	53	60
57	53	60
58	53	62
59	53	62
60	53	62
61	53	63
62	53	64
63	53	67
64	53	65
65	53	65
66	53	65
67	53	63
68	53	0
69	53	66
70	53	67
71	53	68
72	53	69
73	53	67
74	53	66
75	53	66
76	53	66
77	53	68
78	53	68
146	53	72
147	53	69
148	53	69
149	53	68
150	53	68
151	53	70
152	53	70
153	53	71
154	53	69
155	53	70
156	53	70
157	53	68
158	53	69
159	53	70
17	54	58
18	54	58
19	54	59
20	54	58
21	54	59
22	54	59
23	54	59
24	54	59
25	54	59
26	54	58
27	54	58
28	54	59
29	54	59
30	54	58
31	54	59
32	54	58
33	54	60
34	54	60
35	54	60
36	54	60
37	54	60
38	54	60
39	54	60
40	54	60
41	54	60
42	54	60
43	54	59
44	54	60
45	54	60
46	54	60
47	54	59
48	54	60
49	54	60
50	54	59
51	54	60
52	54	60
53	54	60
54	54	60
55	54	60
56	54	60
57	54	60
58	54	61
59	54	63
60	54	63
61	54	63
62	54	65
63	54	64
64	54	64
65	54	66
66	54	63
67	54	65
68	54	65
69	54	65
70	54	66
71	54	66
72	54	67
73	54	66
74	54	67
75	54	66
76	54	66
77	54	67
78	54	67
79	54	68
146	54	70
147	54	69
148	54	69
149	54	68
150	54	69
151	54	70
152	54	70
153	54	69
154	54	69
155	54	70
156	54	69
157	54	70
158	54	70
159	54	69
14	55	57
15	55	56
16	55	58
17	55	58
18	55	59
19	55	59
20	55	59
21	55	58
22	55	58
23	55	58
24	55	58
25	55	59
26	55	58
27	55	59
28	55	58
29	55	59
30	55	58
31	55	59
32	55	58
33	55	59
34	55	60
35	55	60
36	55	60
37	55	60
38	55	60
39	55	60
40	55	60
41	55	60
42	55	60
43	55	60
44	55	60
45	55	60
46	55	60
47	55	59
48	55	59
49	55	59
50	55	60
51	55	60
52	55	60
53	55	60
54	55	60
55	55	60
56	55	60
57	55	61
58	55	62
59	55	62
60	55	63
61	55	62
62	55	63
63	55	64
64	55	64
65	55	64
66	55	63
67	55	64
68	55	64
69	55	66
70	55	65
71	55	66
72	55	66
73	55	65
74	55	66
75	55	66
76	55	66
77	55	66
78	55	66
79	55	67
80	55	67
145	55	70
146	55	71
147	55	69
148	55	69
149	55	70
150	55	70
151	55	70
152	55	70
153	55	69
154	55	70
155	55	69
156	55	70
157	55	69
158	55	69
159	55	64
13	56	59
14	56	58
15	56	58
16	56	57
17	56	58
18	56	58
19	56	58
20	56	58
21	56	58
22	56	58
23	56	58
24	56	58
25	56	58
26	56	58
27	56	58
28	56	58
29	56	58
30	56	58
31	56	58
32	56	59
33	56	58
34	56	59
35	56	60
36	56	60
37	56	60
38	56	60
39	56	60
40	56	60
41	56	60
42	56	60
43	56	59
44	56	59
45	56	59
46	56	60
47	56	60
48	56	60
49	56	60
50	56	60
51	56	60
52	56	60
53	56	60
54	56	60
55	56	60
56	56	60
57	56	60
58	56	61
59	56	63
60	56	63
61	56	63
62	56	63
63	56	63
64	56	62
65	56	63
66	56	63
67	56	64
68	56	64
69	56	64
70	56	64
71	56	65
72	56	65
73	56	66
74	56	66
75	56	66
76	56	66
77	56	66
78	56	66
79	56	67
80	56	69
81	56	67
82	56	71
144	56	71
145	56	71
146	56	70
147	56	70
148	56	69
149	56	70
150	56	68
151	56	70
152	56	70
153	56	70
154	56	70
155	56	70
156	56	70
157	56	70
158	56	69
159	56	70
12	57	58
13	57	57
14	57	60
15	57	58
16	57	58
17	57	57
18	57	58
19	57	57
20	57	58
21	57	58
22	57	57
23	57	58
24	57	58
25	57	58
26	57	58
27	57	58
28	57	58
29	57	58
30	57	57
31	57	59
32	57	57
33	57	59
34	57	59
35	57	60
36	57	59
37	57	60
38	57	60
39	57	60
40	57	59
41	57	59
42	57	60
43	57	60
44	57	60
45	57	60
46	57	60
47	57	60
48	57	60
49	57	60
50	57	60
51	57	60
52	57	60
53	57	60
54	57	60
55	57	60
56	57	60
57	57	60
58	57	62
59	57	62
60	57	62
61	57	62
62	57	62
63	57	63
64	57	63
65	57	63
66	57	63
67	57	64
68	57	64
69	57	64
70	57	65
71	57	66
72	57	66
73	57	64
74	57	66
75	57	66
76	57	70
77	57	67
78	57	67
79	57	72
80	57	66
81	57	70
82	57	69
83	57	69
143	57	73
144	57	71
145	57	71
146	57	70
147	57	70
148	57	71
149	57	69
150	57	70
151	57	71
152	57	71
153	57	71
154	57	71
155	57	68
156	57	69
157	57	69
158	57	71
11	58	58
12	58	58
13	58	57
14	58	58
15	58	58
16	58	57
17	58	57
18	58	56
19	58	56
20	58	55
21	58	56
22	58	58
23	58	58
24	58	58
25	58	58
26	58	58
27	58	58
28	58	58
29	58	59
30	58	59
31	58	59
32	58	57
33	58	59
34	58	58
35	58	58
36	58	58
37	58	59
38	58	59
39	58	59
40	58	60
41	58	60
42	58	59
43	58	59
44	58	60
45	58	60
46	58	60
47	58	60
48	58	60
49	58	60
50	58	60
51	58	60
52	58	60
53	58	60
54	58	60
55	58	60
56	58	60
57	58	62
58	58	61
59	58	61
60	58	62
61	58	63
62	58	62
63	58	63
64	58	63
65	58	62
66	58	62
67	58	63
68	58	64
69	58	64
70	58	65
71	58	67
72	58	66
73	58	65
74	58	65
75	58	0
76	58	68
77	58	68
78	58	66
79	58	69
80	58	67
81	58	70
82	58	69
83	58	75
84	58	69
142	58	71
143	58	71
144	58	71
145	58	71
146	58	71
147	58	70
148	58	70
149	58	69
150	58	70
151	58	70
152	58	70
153	58	71
154	58	70
155	58	71
156	58	70
157	58	71
10	59	57
11	59	57
12	59	57
13	59	58
14	59	57
15	59	58
16	59	58
17	59	58
18	59	57
19	59	56
20	59	57
21	59	56
22	59	57
23	59	57
24	59	58
25	59	58
26	59	58
27	59	58
28	59	59
29	59	59
30	59	58
31	59	58
32	59	58
33	59	58
34	59	58
35	59	58
36	59	58
37	59	58
38	59	58
39	59	58
40	59	58
41	59	59
42	59	59
43	59	59
44	59	59
45	59	60
46	59	59
47	59	60
48	59	60
49	59	60
50	59	60
51	59	60
52	59	60
53	59	60
54	59	60
55	59	60
56	59	60
57	59	61
58	59	61
59	59	60
60	59	61
61	59	62
62	59	63
63	59	62
64	59	62
65	59	63
66	59	62
67	59	63
68	59	63
69	59	65
70	59	66
71	59	65
72	59	66
73	59	66
74	59	68
75	59	68
76	59	66
77	59	67
78	59	66
79	59	66
80	59	67
81	59	67
82	59	68
83	59	68
84	59	69
85	59	69
140	59	71
141	59	71
142	59	71
143	59	71
144	59	70
145	59	70
146	59	71
147	59	70
148	59	70
149	59	71
150	59	70
151	59	71
152	59	71
153	59	71
154	59	72
155	59	71
156	59	71
9	60	57
10	60	56
11	60	57
12	60	57
13	60	57
14	60	57
15	60	57
16	60	57
17	60	57
18	60	59
19	60	57
20	60	57
21	60	57
22	60	58
23	60	57
24	60	57
25	60	58
26	60	58
27	60	57
28	60	58
29	60	58
30	60	57
31	60	58
32	60	58
33	60	58
34	60	58
35	60	58
36	60	58
37	60	58
38	60	58
39	60	58
40	60	58
41	60	58
42	60	59
43	60	59
44	60	59
45	60	59
46	60	59
47	60	59
48	60	60
49	60	59
50	60	59
51	60	59
52	60	60
53	60	60
54	60	60
55	60	60
56	60	60
57	60	60
58	60	60
59	60	61
60	60	61
61	60	62
62	60	62
63	60	62
64	60	63
65	60	63
66	60	63
67	60	63
68	60	64
69	60	63
70	60	66
71	60	66
72	60	70
73	60	66
74	60	66
75	60	65
76	60	65
77	60	65
78	60	65
79	60	66
80	60	66
81	60	66
82	60	67
83	60	69
84	60	70
85	60	68
86	60	70
139	60	71
140	60	72
141	60	71
142	60	71
143	60	71
144	60	71
145	60	71
146	60	71
147	60	70
148	60	71
149	60	70
150	60	70
151	60	71
152	60	71
153	60	71
154	60	70
155	60	71
8	61	57
9	61	58
10	61	58
11	61	57
12	61	57
13	61	56
14	61	57
15	61	57
16	61	57
17	61	57
18	61	57
19	61	57
20	61	57
21	61	57
22	61	57
23	61	57
24	61	57
25	61	57
26	61	57
27	61	57
28	61	58
29	61	57
30	61	58
31	61	58
32	61	58
33	61	58
34	61	58
35	61	58
36	61	58
37	61	58
38	61	58
39	61	58
40	61	58
41	61	58
42	61	58
43	61	58
44	61	58
45	61	58
46	61	59
47	61	59
48	61	59
49	61	59
50	61	59
51	61	59
52	61	60
53	61	60
54	61	60
55	61	60
56	61	61
57	61	60
58	61	61
59	61	62
60	61	63
61	61	61
62	61	62
63	61	63
64	61	63
65	61	63
66	61	62
67	61	63
68	61	63
69	61	63
70	61	63
71	61	63
72	61	64
73	61	65
74	61	65
75	61	65
76	61	65
77	61	66
78	61	66
79	61	66
80	61	66
81	61	67
82	61	65
83	61	67
84	61	68
85	61	68
86	61	68
87	61	71
138	61	72
139	61	72
140	61	71
141	61	71
142	61	71
143	61	70
144	61	71
145	61	70
146	61	71
147	61	71
148	61	70
149	61	70
150	61	70
151	61	70
152	61	70
153	61	70
154	61	71
8	62	57
9	62	57
10	62	58
11	62	57
12	62	57
13	62	57
14	62	56
15	62	56
16	62	57
17	62	57
18	62	57
19	62	57
20	62	57
21	62	57
22	62	57
23	62	57
24	62	57
25	62	57
26	62	58
27	62	57
28	62	58
29	62	58
30	62	57
31	62	57
32	62	57
33	62	58
34	62	58
35	62	58
36	62	58
37	62	58
38	62	58
39	62	58
40	62	58
41	62	58
42	62	58
43	62	58
44	62	58
45	62	58
46	62	59
47	62	58
48	62	59
49	62	59
50	62	59
51	62	60
52	62	60
53	62	60
54	62	60
55	62	60
56	62	60
57	62	60
58	62	59
59	62	61
60	62	59
61	62	61
62	62	60
63	62	62
64	62	62
65	62	63
66	62	63
67	62	62
68	62	63
69	62	63
70	62	63
71	62	63
72	62	64
73	62	64
74	62	65
75	62	65
76	62	65
77	62	65
78	62	65
79	62	66
80	62	66
81	62	66
82	62	66
83	62	68
84	62	67
85	62	67
86	62	68
87	62	67
88	62	69
137	62	72
138	62	71
139	62	71
140	62	71
141	62	71
142	62	70
143	62	71
144	62	70
145	62	71
146	62	71
147	62	70
148	62	71
149	62	70
150	62	71
151	62	70
152	62	71
153	62	71
8	63	58
9	63	58
10	63	58
11	63	56
12	63	56
13	63	57
14	63	57
15	63	57
16	63	56
17	63	57
18	63	57
19	63	57
20	63	57
21	63	56
22	63	57
23	63	57
24	63	57
25	63	57
26	63	57
27	63	57
28	63	57
29	63	57
30	63	57
31	63	57
32	63	57
33	63	57
34	63	57
35	63	57
36	63	58
37	63	58
38	63	58
39	63	57
40	63	58
41	63	58
42	63	58
43	63	58
44	63	58
45	63	58
46	63	58
47	63	59
48	63	59
49	63	59
50	63	60
51	63	60
52	63	60
53	63	60
54	63	60
55	63	60
56	63	61
57	63	60
58	63	60
59	63	60
60	63	60
61	63	62
62	63	61
63	63	61
64	63	61
65	63	61
66	63	62
67	63	62
68	63	62
69	63	63
70	63	63
71	63	63
72	63	63
73	63	63
74	63	65
75	63	65
76	63	65
77	63	65
78	63	65
79	63	65
80	63	66
81	63	66
82	63	66
83	63	68
84	63	67
85	63	67
86	63	67
87	63	70
88	63	68
89	63	69
136	63	72
137	63	71
138	63	71
139	63	71
140	63	71
141	63	71
142	63	69
143	63	71
144	63	71
145	63	70
146	63	71
147	63	71
148	63	70
149	63	70
150	63	70
151	63	71
152	63	71
8	64	59
9	64	58
10	64	58
11	64	58
12	64	57
13	64	57
14	64	56
15	64	57
16	64	57
17	64	56
18	64	56
19	64	56
20	64	57
21	64	56
22	64	57
23	64	57
24	64	57
25	64	57
26	64	57
27	64	58
28	64	57
29	64	57
30	64	57
31	64	58
32	64	58
33	64	58
34	64	58
35	64	57
36	64	57
37	64	58
38	64	57
39	64	58
40	64	58
41	64	58
42	64	58
43	64	58
44	64	59
45	64	58
46	64	59
47	64	59
48	64	59
49	64	59
50	64	67
51	64	60
52	64	60
53	64	60
54	64	60
55	64	60
56	64	60
57	64	60
58	64	60
59	64	62
60	64	61
61	64	61
62	64	61
63	64	61
64	64	62
65	64	62
66	64	62
67	64	62
68	64	63
69	64	64
70	64	63
71	64	63
72	64	63
73	64	63
74	64	64
75	64	65
76	64	64
77	64	66
78	64	65
79	64	65
80	64	66
81	64	66
82	64	68
83	64	67
84	64	68
85	64	67
86	64	67
87	64	69
88	64	68
89	64	68
90	64	69
134	64	72
135	64	72
136	64	72
137	64	71
138	64	71
139	64	71
140	64	71
141	64	71
142	64	71
143	64	70
144	64	71
145	64	71
146	64	71
147	64	71
148	64	71
149	64	71
150	64	71
7	65	0
8	65	58
9	65	58
10	65	60
11	65	56
12	65	57
13	65	57
14	65	57
15	65	57
16	65	57
17	65	56
18	65	56
19	65	56
20	65	56
21	65	56
22	65	58
23	65	56
24	65	58
25	65	56
26	65	57
27	65	57
28	65	56
29	65	57
30	65	57
31	65	58
32	65	58
33	65	58
34	65	58
35	65	58
36	65	58
37	65	58
38	65	59
39	65	58
40	65	58
41	65	57
42	65	60
43	65	58
44	65	59
45	65	59
46	65	59
47	65	58
48	65	59
49	65	59
50	65	60
51	65	60
52	65	60
53	65	60
54	65	60
55	65	61
56	65	61
57	65	60
58	65	60
59	65	60
60	65	61
61	65	61
62	65	61
63	65	61
64	65	62
65	65	62
66	65	62
67	65	62
68	65	62
69	65	63
70	65	63
71	65	63
72	65	63
73	65	64
74	65	63
75	65	66
76	65	66
77	65	65
78	65	63
79	65	63
80	65	66
81	65	67
82	65	67
83	65	67
84	65	67
85	65	67
86	65	67
87	65	68
88	65	68
89	65	68
90	65	68
91	65	72
133	65	72
134	65	71
135	65	71
136	65	72
137	65	71
138	65	71
139	65	71
140	65	71
141	65	71
142	65	71
143	65	71
144	65	71
145	65	71
146	65	72
147	65	71
8	66	58
9	66	58
10	66	58
11	66	57
12	66	57
13	66	57
14	66	56
15	66	57
16	66	56
17	66	56
18	66	56
19	66	56
20	66	55
21	66	55
22	66	56
23	66	56
24	66	56
25	66	57
26	66	56
27	66	56
28	66	55
29	66	56
30	66	56
31	66	57
32	66	58
33	66	58
34	66	58
35	66	58
36	66	59
37	66	58
38	66	58
39	66	58
40	66	58
41	66	58
42	66	58
43	66	58
44	66	58
45	66	58
46	66	58
47	66	58
48	66	58
49	66	59
50	66	59
51	66	59
52	66	59
53	66	59
54	66	59
55	66	60
56	66	60
57	66	60
58	66	60
59	66	60
60	66	60
61	66	61
62	66	61
63	66	61
64	66	62
65	66	61
66	66	62
67	66	62
68	66	62
69	66	62
70	66	64
71	66	64
72	66	64
73	66	64
74	66	65
75	66	65
76	66	66
77	66	64
78	66	66
79	66	66
80	66	66
81	66	66
82	66	68
83	66	67
84	66	67
85	66	66
86	66	67
87	66	68
88	66	68
89	66	68
90	66	68
91	66	72
92	66	72
132	66	73
133	66	71
134	66	71
135	66	71
136	66	72
137	66	71
138	66	71
139	66	71
140	66	71
141	66	71
142	66	71
143	66	72
144	66	71
145	66	71
7	67	57
8	67	59
9	67	57
10	67	58
11	67	57
12	67	57
13	67	57
14	67	57
15	67	57
16	67	57
17	67	56
18	67	56
19	67	55
20	67	55
21	67	56
22	67	56
23	67	56
24	67	57
25	67	56
26	67	56
27	67	55
28	67	57
29	67	57
30	67	57
31	67	57
32	67	57
33	67	57
34	67	57
35	67	57
36	67	57
37	67	58
38	67	57
39	67	58
40	67	58
41	67	58
42	67	58
43	67	58
44	67	58
45	67	58
46	67	58
47	67	58
48	67	58
49	67	59
50	67	59
51	67	59
52	67	59
53	67	59
54	67	59
55	67	60
56	67	60
57	67	60
58	67	60
59	67	60
60	67	61
61	67	61
62	67	61
63	67	61
64	67	62
65	67	61
66	67	62
67	67	62
68	67	62
69	67	62
70	67	63
71	67	63
72	67	64
73	67	64
74	67	65
75	67	66
76	67	65
77	67	67
78	67	64
79	67	65
80	67	66
81	67	67
82	67	68
83	67	67
84	67	67
85	67	67
86	67	69
87	67	68
88	67	68
89	67	67
90	67	68
91	67	70
92	67	71
93	67	69
131	67	72
132	67	71
133	67	72
134	67	71
135	67	72
136	67	71
137	67	71
138	67	71
139	67	71
140	67	71
141	67	71
142	67	71
143	67	70
6	68	56
7	68	57
8	68	58
9	68	57
10	68	58
11	68	56
12	68	56
13	68	56
14	68	57
15	68	57
16	68	56
17	68	56
18	68	54
19	68	56
20	68	55
21	68	55
22	68	56
23	68	57
24	68	56
25	68	57
26	68	57
27	68	57
28	68	57
29	68	57
30	68	57
31	68	57
32	68	57
33	68	57
34	68	57
35	68	57
36	68	57
37	68	57
38	68	57
39	68	57
40	68	57
41	68	57
42	68	58
43	68	58
44	68	58
45	68	58
46	68	58
47	68	59
48	68	59
49	68	58
50	68	59
51	68	59
52	68	59
53	68	59
54	68	59
55	68	59
56	68	60
57	68	60
58	68	60
59	68	60
60	68	60
61	68	60
62	68	61
63	68	60
64	68	63
65	68	62
66	68	64
67	68	62
68	68	63
69	68	63
70	68	63
71	68	63
72	68	64
73	68	63
74	68	64
75	68	64
76	68	64
77	68	65
78	68	65
79	68	64
80	68	66
81	68	65
82	68	66
83	68	66
84	68	68
85	68	67
86	68	69
87	68	68
88	68	68
89	68	68
90	68	69
91	68	71
92	68	72
93	68	69
94	68	71
129	68	74
130	68	72
131	68	72
132	68	71
133	68	71
134	68	72
135	68	71
136	68	71
137	68	70
138	68	71
139	68	70
140	68	72
141	68	71
142	68	71
6	69	57
7	69	57
8	69	57
9	69	57
10	69	57
11	69	56
12	69	56
13	69	56
14	69	56
15	69	57
16	69	56
17	69	56
18	69	57
19	69	56
20	69	56
21	69	56
22	69	57
23	69	57
24	69	56
25	69	56
26	69	56
27	69	57
28	69	57
29	69	57
30	69	57
31	69	56
32	69	57
33	69	57
34	69	57
35	69	57
36	69	57
37	69	57
38	69	57
39	69	57
40	69	58
41	69	57
42	69	58
43	69	58
44	69	57
45	69	58
46	69	58
47	69	58
48	69	58
49	69	59
50	69	59
51	69	59
52	69	59
53	69	59
54	69	59
55	69	60
56	69	59
57	69	60
58	69	60
59	69	60
60	69	61
61	69	61
62	69	61
63	69	60
64	69	63
65	69	62
66	69	62
67	69	61
68	69	61
69	69	62
70	69	63
71	69	62
72	69	63
73	69	63
74	69	63
75	69	64
76	69	64
77	69	65
78	69	65
79	69	66
80	69	66
81	69	65
82	69	66
83	69	65
84	69	68
85	69	68
86	69	71
87	69	68
88	69	68
89	69	67
90	69	70
91	69	70
92	69	69
93	69	69
94	69	69
95	69	69
128	69	72
129	69	72
130	69	71
131	69	72
132	69	72
133	69	71
134	69	71
135	69	71
136	69	71
137	69	71
138	69	71
139	69	71
140	69	71
141	69	72
6	70	58
7	70	58
8	70	57
9	70	57
10	70	57
11	70	57
12	70	55
13	70	56
14	70	56
15	70	56
16	70	57
17	70	60
18	70	55
19	70	56
20	70	56
21	70	56
22	70	56
23	70	56
24	70	56
25	70	56
26	70	56
27	70	57
28	70	57
29	70	56
30	70	57
31	70	57
32	70	57
33	70	57
34	70	57
35	70	57
36	70	57
37	70	57
38	70	57
39	70	57
40	70	57
41	70	57
42	70	58
43	70	58
44	70	57
45	70	58
46	70	59
47	70	58
48	70	59
49	70	59
50	70	59
51	70	59
52	70	59
53	70	59
54	70	59
55	70	61
56	70	58
57	70	59
58	70	59
59	70	60
60	70	60
61	70	61
62	70	62
63	70	62
64	70	62
65	70	63
66	70	62
67	70	62
68	70	63
69	70	62
70	70	62
71	70	62
72	70	63
73	70	63
74	70	63
75	70	63
76	70	63
77	70	64
78	70	65
79	70	65
80	70	66
81	70	66
82	70	66
83	70	67
84	70	68
85	70	68
86	70	67
87	70	67
88	70	67
89	70	68
90	70	71
91	70	69
92	70	69
93	70	68
94	70	69
95	70	69
96	70	68
97	70	72
126	70	73
127	70	72
128	70	72
129	70	72
130	70	71
131	70	72
132	70	71
133	70	71
134	70	71
135	70	71
136	70	71
137	70	71
138	70	71
139	70	70
140	70	72
5	71	55
6	71	58
7	71	57
8	71	57
9	71	57
10	71	57
11	71	57
12	71	57
13	71	57
14	71	57
15	71	57
16	71	58
17	71	57
18	71	57
19	71	57
20	71	56
21	71	56
22	71	56
23	71	56
24	71	57
25	71	56
26	71	57
27	71	56
28	71	57
29	71	57
30	71	56
31	71	57
32	71	57
33	71	57
34	71	57
35	71	57
36	71	57
37	71	57
38	71	57
39	71	57
40	71	60
41	71	58
42	71	58
43	71	58
44	71	58
45	71	58
46	71	59
47	71	58
48	71	60
49	71	61
50	71	60
51	71	60
52	71	60
53	71	60
54	71	60
55	71	59
56	71	59
57	71	59
58	71	59
59	71	61
60	71	60
61	71	60
62	71	60
63	71	60
64	71	60
65	71	61
66	71	61
67	71	61
68	71	62
69	71	62
70	71	62
71	71	63
72	71	62
73	71	63
74	71	63
75	71	63
76	71	63
77	71	65
78	71	66
79	71	65
80	71	66
81	71	66
82	71	66
83	71	68
84	71	68
85	71	68
86	71	67
87	71	68
88	71	68
89	71	68
90	71	69
91	71	69
92	71	68
93	71	68
94	71	68
95	71	70
96	71	69
97	71	72
98	71	70
99	71	74
125	71	72
126	71	71
127	71	72
128	71	72
129	71	72
130	71	71
131	71	71
132	71	72
133	71	71
134	71	72
135	71	72
136	71	71
137	71	71
138	71	72
139	71	71
6	72	57
7	72	58
8	72	57
9	72	57
10	72	57
11	72	57
12	72	57
13	72	56
14	72	56
15	72	56
16	72	58
17	72	56
18	72	57
19	72	56
20	72	57
21	72	56
22	72	56
23	72	56
24	72	56
25	72	56
26	72	56
27	72	56
28	72	56
29	72	56
30	72	56
31	72	56
32	72	57
33	72	57
34	72	57
35	72	57
36	72	57
37	72	57
38	72	57
39	72	56
40	72	57
41	72	58
42	72	58
43	72	58
44	72	58
45	72	57
46	72	58
47	72	59
48	72	61
49	72	60
50	72	60
51	72	60
52	72	60
53	72	61
54	72	59
55	72	60
56	72	60
57	72	59
58	72	59
59	72	60
60	72	61
61	72	60
62	72	60
63	72	60
64	72	61
65	72	61
66	72	61
67	72	61
68	72	61
69	72	62
70	72	62
71	72	62
72	72	62
73	72	63
74	72	63
75	72	63
76	72	63
77	72	63
78	72	66
79	72	66
80	72	66
81	72	67
82	72	68
83	72	67
84	72	68
85	72	67
86	72	68
87	72	67
88	72	68
89	72	68
90	72	69
91	72	68
92	72	69
93	72	69
94	72	68
95	72	69
96	72	71
97	72	70
98	72	70
99	72	70
100	72	71
123	72	75
124	72	74
125	72	72
126	72	72
127	72	72
128	72	71
129	72	71
130	72	71
131	72	71
132	72	71
133	72	71
134	72	71
135	72	72
136	72	71
137	72	71
138	72	73
6	73	58
7	73	60
8	73	57
9	73	57
10	73	57
11	73	57
12	73	57
13	73	57
14	73	57
15	73	56
16	73	56
17	73	57
18	73	57
19	73	57
20	73	56
21	73	56
22	73	56
23	73	56
24	73	56
25	73	56
26	73	56
27	73	56
28	73	57
29	73	57
30	73	58
31	73	57
32	73	57
33	73	56
34	73	57
35	73	57
36	73	57
37	73	57
38	73	57
39	73	56
40	73	57
41	73	58
42	73	58
43	73	58
44	73	57
45	73	59
46	73	58
47	73	58
48	73	58
49	73	59
50	73	58
51	73	59
52	73	59
53	73	59
54	73	59
55	73	59
56	73	59
57	73	59
58	73	59
59	73	60
60	73	60
61	73	60
62	73	60
63	73	60
64	73	60
65	73	61
66	73	61
67	73	61
68	73	61
69	73	61
70	73	61
71	73	62
72	73	63
73	73	62
74	73	62
75	73	63
76	73	64
77	73	64
78	73	65
79	73	67
80	73	67
81	73	67
82	73	67
83	73	68
84	73	67
85	73	67
86	73	67
87	73	69
88	73	68
89	73	69
90	73	68
91	73	68
92	73	68
93	73	68
94	73	69
95	73	68
96	73	71
97	73	69
98	73	70
99	73	68
100	73	70
101	73	71
122	73	72
123	73	73
124	73	71
125	73	72
126	73	71
127	73	72
128	73	71
129	73	71
130	73	72
131	73	71
132	73	71
133	73	71
134	73	71
135	73	72
136	73	72
137	73	72
6	74	59
7	74	60
8	74	59
9	74	58
10	74	58
11	74	57
12	74	57
13	74	57
14	74	56
15	74	57
16	74	56
17	74	56
18	74	57
19	74	57
20	74	57
21	74	57
22	74	56
23	74	57
24	74	56
25	74	57
26	74	56
27	74	57
28	74	57
29	74	57
30	74	57
31	74	57
32	74	56
33	74	57
34	74	57
35	74	57
36	74	57
37	74	58
38	74	56
39	74	57
40	74	57
41	74	57
42	74	57
43	74	57
44	74	57
45	74	57
46	74	57
47	74	58
48	74	58
49	74	58
50	74	58
51	74	58
52	74	58
53	74	59
54	74	59
55	74	59
56	74	59
57	74	59
58	74	59
59	74	60
60	74	60
61	74	60
62	74	60
63	74	60
64	74	60
65	74	60
66	74	60
67	74	61
68	74	61
69	74	61
70	74	61
71	74	62
72	74	62
73	74	62
74	74	62
75	74	63
76	74	62
77	74	65
78	74	65
79	74	68
80	74	67
81	74	67
82	74	68
83	74	67
84	74	67
85	74	67
86	74	69
87	74	68
88	74	69
89	74	70
90	74	69
91	74	68
92	74	69
93	74	68
94	74	69
95	74	67
96	74	69
97	74	69
98	74	70
99	74	70
100	74	69
101	74	71
102	74	77
120	74	73
121	74	72
122	74	73
123	74	72
124	74	72
125	74	73
126	74	71
127	74	72
128	74	71
129	74	71
130	74	71
131	74	71
132	74	71
133	74	71
134	74	71
135	74	71
136	74	72
6	75	57
7	75	58
8	75	58
9	75	60
10	75	57
11	75	57
12	75	57
13	75	57
14	75	57
15	75	56
16	75	57
17	75	56
18	75	57
19	75	56
20	75	57
21	75	57
22	75	56
23	75	57
24	75	56
25	75	56
26	75	56
27	75	57
28	75	57
29	75	58
30	75	58
31	75	58
32	75	59
33	75	57
34	75	57
35	75	56
36	75	56
37	75	56
38	75	56
39	75	56
40	75	57
41	75	57
42	75	57
43	75	57
44	75	57
45	75	58
46	75	58
47	75	58
48	75	58
49	75	58
50	75	58
51	75	58
52	75	59
53	75	58
54	75	59
55	75	59
56	75	59
57	75	59
58	75	60
59	75	60
60	75	59
61	75	60
62	75	60
63	75	60
64	75	60
65	75	61
66	75	61
67	75	61
68	75	61
69	75	63
70	75	63
71	75	62
72	75	62
73	75	63
74	75	63
75	75	63
76	75	64
77	75	62
78	75	65
79	75	67
80	75	66
81	75	68
82	75	67
83	75	67
84	75	67
85	75	67
86	75	68
87	75	69
88	75	69
89	75	68
90	75	69
91	75	68
92	75	69
93	75	68
94	75	67
95	75	68
96	75	69
97	75	68
98	75	69
99	75	69
100	75	69
101	75	71
102	75	71
103	75	71
118	75	75
119	75	75
120	75	73
121	75	72
122	75	73
123	75	73
124	75	71
125	75	71
126	75	71
127	75	72
128	75	72
129	75	71
130	75	71
131	75	71
132	75	71
133	75	71
134	75	72
135	75	71
5	76	58
6	76	57
7	76	58
8	76	57
9	76	57
10	76	57
11	76	56
12	76	56
13	76	57
14	76	57
15	76	57
16	76	57
17	76	57
18	76	57
19	76	57
20	76	57
21	76	57
22	76	57
23	76	57
24	76	56
25	76	57
26	76	56
27	76	57
28	76	57
29	76	57
30	76	57
31	76	56
32	76	56
33	76	56
34	76	56
35	76	56
36	76	56
37	76	56
38	76	57
39	76	57
40	76	57
41	76	57
42	76	57
43	76	57
44	76	57
45	76	57
46	76	58
47	76	58
48	76	58
49	76	58
50	76	58
51	76	58
52	76	58
53	76	58
54	76	58
55	76	59
56	76	59
57	76	59
58	76	60
59	76	59
60	76	60
61	76	60
62	76	60
63	76	60
64	76	62
65	76	62
66	76	61
67	76	62
68	76	61
69	76	62
70	76	62
71	76	60
72	76	63
73	76	63
74	76	62
75	76	64
76	76	65
77	76	64
78	76	66
79	76	66
80	76	66
81	76	67
82	76	67
83	76	67
84	76	67
85	76	69
86	76	70
87	76	70
88	76	68
89	76	68
90	76	69
91	76	69
92	76	69
93	76	68
94	76	69
95	76	69
96	76	69
97	76	70
98	76	69
99	76	68
100	76	69
101	76	71
102	76	71
103	76	71
104	76	71
116	76	76
117	76	72
118	76	74
119	76	73
120	76	72
121	76	73
122	76	71
123	76	72
124	76	72
125	76	72
126	76	71
127	76	71
128	76	71
129	76	71
130	76	71
131	76	71
132	76	71
133	76	71
134	76	71
5	77	58
6	77	58
7	77	57
8	77	57
9	77	57
10	77	56
11	77	58
12	77	57
13	77	57
14	77	57
15	77	57
16	77	57
17	77	57
18	77	57
19	77	57
20	77	57
21	77	57
22	77	57
23	77	57
24	77	56
25	77	57
26	77	57
27	77	56
28	77	56
29	77	56
30	77	56
31	77	56
32	77	56
33	77	56
34	77	56
35	77	56
36	77	56
37	77	56
38	77	57
39	77	57
40	77	57
41	77	57
42	77	57
43	77	57
44	77	57
45	77	57
46	77	58
47	77	58
48	77	58
49	77	58
50	77	58
51	77	58
52	77	57
53	77	58
54	77	59
55	77	59
56	77	59
57	77	60
58	77	60
59	77	57
60	77	62
61	77	59
62	77	59
63	77	61
64	77	61
65	77	61
66	77	61
67	77	62
68	77	62
69	77	62
70	77	62
71	77	62
72	77	63
73	77	63
74	77	64
75	77	63
76	77	64
77	77	64
78	77	69
79	77	67
80	77	67
81	77	68
82	77	67
83	77	68
84	77	67
85	77	70
86	77	68
87	77	68
88	77	68
89	77	69
90	77	68
91	77	68
92	77	68
93	77	69
94	77	69
95	77	69
96	77	69
97	77	69
98	77	67
99	77	70
100	77	70
101	77	71
102	77	71
103	77	72
104	77	71
105	77	74
106	77	74
114	77	76
115	77	76
116	77	75
117	77	73
118	77	72
119	77	72
120	77	73
121	77	72
122	77	71
123	77	71
124	77	71
125	77	72
126	77	71
127	77	71
128	77	71
129	77	71
130	77	71
131	77	71
132	77	71
133	77	72
4	78	56
5	78	58
6	78	57
7	78	57
8	78	58
9	78	57
10	78	57
11	78	56
12	78	56
13	78	59
14	78	57
15	78	57
16	78	57
17	78	57
18	78	57
19	78	57
20	78	57
21	78	57
22	78	58
23	78	56
24	78	57
25	78	56
26	78	56
27	78	56
28	78	56
29	78	56
30	78	56
31	78	56
32	78	56
33	78	56
34	78	56
35	78	56
36	78	57
37	78	57
38	78	56
39	78	57
40	78	57
41	78	57
42	78	57
43	78	57
44	78	57
45	78	57
46	78	58
47	78	58
48	78	58
49	78	58
50	78	58
51	78	58
52	78	58
53	78	58
54	78	59
55	78	59
56	78	59
57	78	58
58	78	60
59	78	58
60	78	59
61	78	59
62	78	61
63	78	62
64	78	61
65	78	61
66	78	60
67	78	62
68	78	61
69	78	62
70	78	61
71	78	62
72	78	62
73	78	63
74	78	63
75	78	63
76	78	64
77	78	64
78	78	66
79	78	67
80	78	67
81	78	68
82	78	67
83	78	69
84	78	70
85	78	71
86	78	68
87	78	68
88	78	68
89	78	68
90	78	68
91	78	69
92	78	69
93	78	69
94	78	69
95	78	68
96	78	69
97	78	69
98	78	69
99	78	69
100	78	70
101	78	70
102	78	71
103	78	70
104	78	70
105	78	72
106	78	71
107	78	71
108	78	73
113	78	74
114	78	74
115	78	74
116	78	73
117	78	71
118	78	72
119	78	72
120	78	72
121	78	72
122	78	72
123	78	72
124	78	72
125	78	72
126	78	71
127	78	71
128	78	71
129	78	71
130	78	71
131	78	71
132	78	71
4	79	57
5	79	58
6	79	58
7	79	57
8	79	57
9	79	57
10	79	57
11	79	57
12	79	56
13	79	57
14	79	57
15	79	57
16	79	56
17	79	57
18	79	57
19	79	57
20	79	57
21	79	57
22	79	56
23	79	57
24	79	56
25	79	57
26	79	56
27	79	57
28	79	56
29	79	56
30	79	56
31	79	56
32	79	56
33	79	56
34	79	56
35	79	56
36	79	56
37	79	57
38	79	56
39	79	57
40	79	57
41	79	57
42	79	57
43	79	57
44	79	57
45	79	60
46	79	58
47	79	59
48	79	57
49	79	57
50	79	58
51	79	57
52	79	57
53	79	58
54	79	58
55	79	58
56	79	59
57	79	59
58	79	60
59	79	59
60	79	59
61	79	60
62	79	60
63	79	60
64	79	60
65	79	60
66	79	60
67	79	61
68	79	61
69	79	62
70	79	61
71	79	62
72	79	62
73	79	63
74	79	63
75	79	63
76	79	64
77	79	65
78	79	66
79	79	68
80	79	68
81	79	67
82	79	68
83	79	69
84	79	70
85	79	68
86	79	68
87	79	69
88	79	68
89	79	69
90	79	69
91	79	68
92	79	69
93	79	69
94	79	69
95	79	69
96	79	69
97	79	70
98	79	71
99	79	70
100	79	70
101	79	70
102	79	70
103	79	70
104	79	71
105	79	71
106	79	71
107	79	71
108	79	71
109	79	72
110	79	73
111	79	73
112	79	75
113	79	72
114	79	72
115	79	72
116	79	72
117	79	72
118	79	72
119	79	72
120	79	72
121	79	71
122	79	72
123	79	71
124	79	71
125	79	71
126	79	71
127	79	71
128	79	71
129	79	72
130	79	71
131	79	72
4	80	56
5	80	57
6	80	57
7	80	58
8	80	57
9	80	57
10	80	57
11	80	57
12	80	57
13	80	56
14	80	56
15	80	56
16	80	56
17	80	55
18	80	56
19	80	57
20	80	57
21	80	57
22	80	57
23	80	56
24	80	57
25	80	57
26	80	57
27	80	56
28	80	56
29	80	56
30	80	56
31	80	56
32	80	56
33	80	56
34	80	56
35	80	56
36	80	56
37	80	57
38	80	57
39	80	57
40	80	57
41	80	57
42	80	57
43	80	57
44	80	58
45	80	59
46	80	57
47	80	57
48	80	57
49	80	58
50	80	57
51	80	58
52	80	58
53	80	58
54	80	59
55	80	59
56	80	60
57	80	59
58	80	59
59	80	60
60	80	60
61	80	60
62	80	60
63	80	60
64	80	60
65	80	60
66	80	61
67	80	61
68	80	61
69	80	61
70	80	62
71	80	62
72	80	63
73	80	63
74	80	63
75	80	64
76	80	64
77	80	64
78	80	67
79	80	67
80	80	67
81	80	68
82	80	69
83	80	69
84	80	68
85	80	68
86	80	68
87	80	68
88	80	68
89	80	68
90	80	70
91	80	70
92	80	69
93	80	70
94	80	69
95	80	69
96	80	69
97	80	69
98	80	70
99	80	70
100	80	70
101	80	70
102	80	70
103	80	72
104	80	72
105	80	71
106	80	71
107	80	72
108	80	72
109	80	72
110	80	72
111	80	72
112	80	72
113	80	72
114	80	72
115	80	73
116	80	72
117	80	72
118	80	71
119	80	71
120	80	71
121	80	71
122	80	71
123	80	72
124	80	71
125	80	71
126	80	71
127	80	72
128	80	71
129	80	72
130	80	71
4	81	55
5	81	58
6	81	58
7	81	58
8	81	57
9	81	57
10	81	57
11	81	56
12	81	57
13	81	56
14	81	57
15	81	57
16	81	57
17	81	55
18	81	56
19	81	57
20	81	56
21	81	58
22	81	57
23	81	56
24	81	57
25	81	56
26	81	57
27	81	56
28	81	56
29	81	56
30	81	56
31	81	56
32	81	56
33	81	56
34	81	56
35	81	56
36	81	56
37	81	56
38	81	56
39	81	57
40	81	57
41	81	57
42	81	57
43	81	59
44	81	57
45	81	59
46	81	57
47	81	57
48	81	57
49	81	57
50	81	57
51	81	58
52	81	59
53	81	59
54	81	59
55	81	59
56	81	59
57	81	59
58	81	59
59	81	59
60	81	59
61	81	60
62	81	60
63	81	60
64	81	60
65	81	60
66	81	60
67	81	61
68	81	61
69	81	61
70	81	62
71	81	62
72	81	62
73	81	62
74	81	63
75	81	63
76	81	63
77	81	65
78	81	63
79	81	67
80	81	69
81	81	68
82	81	69
83	81	69
84	81	68
85	81	68
86	81	68
87	81	69
88	81	70
89	81	69
90	81	72
91	81	69
92	81	70
93	81	69
94	81	69
95	81	69
96	81	70
97	81	69
98	81	70
99	81	70
100	81	71
101	81	70
102	81	72
103	81	71
104	81	71
105	81	71
106	81	72
107	81	71
108	81	72
109	81	72
110	81	72
111	81	72
112	81	72
113	81	72
114	81	72
115	81	72
116	81	72
117	81	72
118	81	71
119	81	72
120	81	72
121	81	72
122	81	71
123	81	71
124	81	71
125	81	72
126	81	72
127	81	72
128	81	71
129	81	72
4	82	56
5	82	57
6	82	57
7	82	57
8	82	58
9	82	57
10	82	57
11	82	57
12	82	57
13	82	56
14	82	57
15	82	57
16	82	57
17	82	57
18	82	57
19	82	56
20	82	57
21	82	56
22	82	57
23	82	57
24	82	57
25	82	57
26	82	57
27	82	57
28	82	56
29	82	57
30	82	57
31	82	56
32	82	56
33	82	56
34	82	56
35	82	56
36	82	56
37	82	56
38	82	57
39	82	57
40	82	57
41	82	57
42	82	57
43	82	57
44	82	59
45	82	57
46	82	58
47	82	57
48	82	58
49	82	58
50	82	57
51	82	58
52	82	58
53	82	58
54	82	58
55	82	59
56	82	59
57	82	59
58	82	59
59	82	59
60	82	59
61	82	60
62	82	60
63	82	60
64	82	60
65	82	60
66	82	60
67	82	61
68	82	61
69	82	61
70	82	61
71	82	61
72	82	62
73	82	60
74	82	64
75	82	66
76	82	64
77	82	65
78	82	66
79	82	67
80	82	69
81	82	69
82	82	69
83	82	69
84	82	68
85	82	68
86	82	69
87	82	69
88	82	70
89	82	70
90	82	70
91	82	70
92	82	69
93	82	70
94	82	70
95	82	70
96	82	70
97	82	70
98	82	70
99	82	70
100	82	70
101	82	70
102	82	69
103	82	70
104	82	71
105	82	71
106	82	72
107	82	72
108	82	72
109	82	72
110	82	72
111	82	72
112	82	70
113	82	72
114	82	72
115	82	72
116	82	72
117	82	71
118	82	72
119	82	72
120	82	72
121	82	71
122	82	71
123	82	71
124	82	71
125	82	72
126	82	72
127	82	72
128	82	72
4	83	58
5	83	56
6	83	58
7	83	56
8	83	57
9	83	57
10	83	57
11	83	57
12	83	56
13	83	57
14	83	57
15	83	57
16	83	57
17	83	57
18	83	57
19	83	57
20	83	57
21	83	58
22	83	57
23	83	57
24	83	57
25	83	57
26	83	55
27	83	57
28	83	56
29	83	56
30	83	56
31	83	56
32	83	56
33	83	56
34	83	56
35	83	56
36	83	56
37	83	56
38	83	56
39	83	57
40	83	57
41	83	57
42	83	57
43	83	57
44	83	57
45	83	57
46	83	57
47	83	57
48	83	58
49	83	58
50	83	58
51	83	58
52	83	59
53	83	58
54	83	59
55	83	59
56	83	59
57	83	59
58	83	59
59	83	59
60	83	59
61	83	59
62	83	60
63	83	60
64	83	60
65	83	60
66	83	60
67	83	61
68	83	61
69	83	62
70	83	62
71	83	61
72	83	62
73	83	65
74	83	65
75	83	65
76	83	64
77	83	65
78	83	68
79	83	66
80	83	69
81	83	69
82	83	69
83	83	68
84	83	69
85	83	72
86	83	69
87	83	70
88	83	70
89	83	71
90	83	69
91	83	70
92	83	70
93	83	71
94	83	71
95	83	72
96	83	71
97	83	70
98	83	71
99	83	70
100	83	71
101	83	71
102	83	71
103	83	71
104	83	71
105	83	71
106	83	72
107	83	71
108	83	72
109	83	72
110	83	72
111	83	72
112	83	72
113	83	72
114	83	72
115	83	72
116	83	72
117	83	72
118	83	72
119	83	72
120	83	71
121	83	71
122	83	72
123	83	72
124	83	72
125	83	72
126	83	72
127	83	72
4	84	58
5	84	57
6	84	57
7	84	56
8	84	58
9	84	57
10	84	57
11	84	57
12	84	57
13	84	56
14	84	57
15	84	57
16	84	57
17	84	57
18	84	57
19	84	57
20	84	57
21	84	57
22	84	57
23	84	57
24	84	56
25	84	56
26	84	57
27	84	57
28	84	57
29	84	57
30	84	56
31	84	57
32	84	57
33	84	57
34	84	56
35	84	55
36	84	56
37	84	57
38	84	57
39	84	57
40	84	57
41	84	57
42	84	57
43	84	57
44	84	57
45	84	57
46	84	57
47	84	58
48	84	57
49	84	58
50	84	58
51	84	58
52	84	58
53	84	58
54	84	59
55	84	59
56	84	59
57	84	59
58	84	59
59	84	59
60	84	60
61	84	59
62	84	60
63	84	60
64	84	60
65	84	60
66	84	61
67	84	62
68	84	63
69	84	61
70	84	63
71	84	60
72	84	64
73	84	62
74	84	64
75	84	65
76	84	66
77	84	69
78	84	66
79	84	67
80	84	69
81	84	69
82	84	69
83	84	70
84	84	68
85	84	70
86	84	70
87	84	72
88	84	70
89	84	70
90	84	70
91	84	72
92	84	71
93	84	72
94	84	71
95	84	72
96	84	71
97	84	71
98	84	71
99	84	71
100	84	71
101	84	71
102	84	71
103	84	70
104	84	72
105	84	71
106	84	72
107	84	72
108	84	72
109	84	73
110	84	72
111	84	72
112	84	72
113	84	72
114	84	72
115	84	71
116	84	71
117	84	72
118	84	71
119	84	71
120	84	72
121	84	72
122	84	73
123	84	73
124	84	72
125	84	72
126	84	72
4	85	58
5	85	57
6	85	57
7	85	57
8	85	56
9	85	57
10	85	56
11	85	56
12	85	56
13	85	57
14	85	57
15	85	57
16	85	57
17	85	57
18	85	57
19	85	57
20	85	57
21	85	57
22	85	57
23	85	57
24	85	57
25	85	56
26	85	57
27	85	56
28	85	56
29	85	56
30	85	56
31	85	56
32	85	56
33	85	56
34	85	56
35	85	56
36	85	56
37	85	56
38	85	56
39	85	57
40	85	56
41	85	57
42	85	57
43	85	57
44	85	57
45	85	57
46	85	57
47	85	57
48	85	58
49	85	58
50	85	58
51	85	58
52	85	58
53	85	58
54	85	59
55	85	58
56	85	59
57	85	59
58	85	59
59	85	59
60	85	59
61	85	60
62	85	60
63	85	60
64	85	60
65	85	60
66	85	61
67	85	62
68	85	62
69	85	61
70	85	61
71	85	61
72	85	64
73	85	64
74	85	65
75	85	65
76	85	64
77	85	66
78	85	67
79	85	68
80	85	68
81	85	68
82	85	71
83	85	70
84	85	69
85	85	73
86	85	71
87	85	70
88	85	71
89	85	71
90	85	72
91	85	72
92	85	72
93	85	72
94	85	72
95	85	71
96	85	71
97	85	72
98	85	72
99	85	72
100	85	72
101	85	71
102	85	72
103	85	71
104	85	71
105	85	72
106	85	72
107	85	72
108	85	72
109	85	72
110	85	72
111	85	72
112	85	71
113	85	71
114	85	72
115	85	72
116	85	72
117	85	72
118	85	72
119	85	72
120	85	71
121	85	72
122	85	72
123	85	73
124	85	72
125	85	73
3	86	58
4	86	58
5	86	57
6	86	57
7	86	57
8	86	57
9	86	56
10	86	56
11	86	56
12	86	56
13	86	56
14	86	57
15	86	57
16	86	57
17	86	57
18	86	57
19	86	57
20	86	58
21	86	58
22	86	58
23	86	57
24	86	58
25	86	57
26	86	57
27	86	57
28	86	56
29	86	56
30	86	56
31	86	56
32	86	56
33	86	56
34	86	56
35	86	56
36	86	56
37	86	57
38	86	57
39	86	56
40	86	57
41	86	57
42	86	57
43	86	57
44	86	57
45	86	57
46	86	57
47	86	57
48	86	58
49	86	58
50	86	58
51	86	58
52	86	58
53	86	58
54	86	57
55	86	59
56	86	59
57	86	59
58	86	60
59	86	65
60	86	60
61	86	60
62	86	60
63	86	60
64	86	61
65	86	62
66	86	62
67	86	61
68	86	62
69	86	61
70	86	62
71	86	62
72	86	62
73	86	62
74	86	64
75	86	64
76	86	65
77	86	67
78	86	69
79	86	69
80	86	70
81	86	70
82	86	76
83	86	72
84	86	72
85	86	71
86	86	70
87	86	72
88	86	72
89	86	74
90	86	79
91	86	80
92	86	75
93	86	72
94	86	72
95	86	72
96	86	72
97	86	72
98	86	72
99	86	72
100	86	72
101	86	71
102	86	72
103	86	71
104	86	72
105	86	72
106	86	71
107	86	72
108	86	72
109	86	72
110	86	72
111	86	72
112	86	72
113	86	72
114	86	73
115	86	71
116	86	72
117	86	72
118	86	72
119	86	72
120	86	72
121	86	73
122	86	72
123	86	73
124	86	72
3	87	58
4	87	57
5	87	57
6	87	57
7	87	57
8	87	57
9	87	56
10	87	57
11	87	57
12	87	58
13	87	55
14	87	56
15	87	57
16	87	57
17	87	58
18	87	57
19	87	59
20	87	57
21	87	57
22	87	58
23	87	58
24	87	58
25	87	57
26	87	57
27	87	57
28	87	57
29	87	57
30	87	56
31	87	56
32	87	56
33	87	56
34	87	56
35	87	56
36	87	56
37	87	56
38	87	56
39	87	56
40	87	56
41	87	57
42	87	57
43	87	57
44	87	57
45	87	57
46	87	57
47	87	57
48	87	58
49	87	58
50	87	57
51	87	59
52	87	57
53	87	59
54	87	59
55	87	59
56	87	60
57	87	61
58	87	61
59	87	63
60	87	61
61	87	60
62	87	60
63	87	60
64	87	61
65	87	61
66	87	61
67	87	61
68	87	61
69	87	61
70	87	61
71	87	62
72	87	62
73	87	63
74	87	64
75	87	64
76	87	65
77	87	66
78	87	69
84	87	73
85	87	72
86	87	73
94	87	75
95	87	72
96	87	73
97	87	72
98	87	72
99	87	72
100	87	72
101	87	72
102	87	71
103	87	72
104	87	72
105	87	72
106	87	72
107	87	72
108	87	72
109	87	72
110	87	72
111	87	73
112	87	72
113	87	71
114	87	73
115	87	73
116	87	72
117	87	72
118	87	72
119	87	72
120	87	72
121	87	73
122	87	73
3	88	58
4	88	57
5	88	57
6	88	57
7	88	57
8	88	57
9	88	57
10	88	57
11	88	56
12	88	57
13	88	57
14	88	57
15	88	56
16	88	57
17	88	57
18	88	58
19	88	58
20	88	58
21	88	58
22	88	58
23	88	58
24	88	58
25	88	57
26	88	57
27	88	57
28	88	57
29	88	56
30	88	56
31	88	56
32	88	56
33	88	56
34	88	56
35	88	56
36	88	56
37	88	56
38	88	57
39	88	57
40	88	56
41	88	56
42	88	57
43	88	57
44	88	57
45	88	58
46	88	58
47	88	57
48	88	57
49	88	58
50	88	58
51	88	58
52	88	58
53	88	59
54	88	59
55	88	59
56	88	59
57	88	59
58	88	61
59	88	60
60	88	61
61	88	60
62	88	61
63	88	60
64	88	60
65	88	60
66	88	60
67	88	60
68	88	61
69	88	61
70	88	62
71	88	62
72	88	62
73	88	62
74	88	63
75	88	65
76	88	65
77	88	68
96	88	74
97	88	72
98	88	72
99	88	72
100	88	72
101	88	71
102	88	73
103	88	72
104	88	73
105	88	72
106	88	72
107	88	72
108	88	72
109	88	72
110	88	72
111	88	72
112	88	73
113	88	73
114	88	72
115	88	73
116	88	73
117	88	73
118	88	73
119	88	72
120	88	73
121	88	73
3	89	60
4	89	57
5	89	58
6	89	57
7	89	57
8	89	57
9	89	57
10	89	57
11	89	57
12	89	57
13	89	57
14	89	57
15	89	57
16	89	57
17	89	58
18	89	58
19	89	56
20	89	58
21	89	58
22	89	59
23	89	58
24	89	58
25	89	57
26	89	57
27	89	57
28	89	56
29	89	56
30	89	56
31	89	56
32	89	56
33	89	56
34	89	56
35	89	56
36	89	57
37	89	57
38	89	56
39	89	56
40	89	57
41	89	56
42	89	57
43	89	57
44	89	58
45	89	57
46	89	58
47	89	57
48	89	58
49	89	57
50	89	58
51	89	56
52	89	58
53	89	58
54	89	59
55	89	59
56	89	60
57	89	59
58	89	59
59	89	60
60	89	60
61	89	60
62	89	60
63	89	60
64	89	60
65	89	61
66	89	60
67	89	61
68	89	61
69	89	61
70	89	61
71	89	62
72	89	62
73	89	63
74	89	63
75	89	65
76	89	65
98	89	75
99	89	75
100	89	73
101	89	72
102	89	72
103	89	73
104	89	73
105	89	72
106	89	72
107	89	72
108	89	72
109	89	73
110	89	73
111	89	72
112	89	73
113	89	72
114	89	73
115	89	73
116	89	73
117	89	73
118	89	73
119	89	73
3	90	57
4	90	57
5	90	57
6	90	58
7	90	57
8	90	57
9	90	57
10	90	57
11	90	57
12	90	57
13	90	56
14	90	57
15	90	57
16	90	58
17	90	58
18	90	58
19	90	58
20	90	58
21	90	58
22	90	59
23	90	58
24	90	58
25	90	58
26	90	57
27	90	57
28	90	56
29	90	56
30	90	56
31	90	56
32	90	56
33	90	56
34	90	57
35	90	56
36	90	55
37	90	55
38	90	57
39	90	57
40	90	58
41	90	56
42	90	56
43	90	56
44	90	58
45	90	57
46	90	58
47	90	57
48	90	58
49	90	57
50	90	58
51	90	58
52	90	59
53	90	58
54	90	58
55	90	59
56	90	59
57	90	59
58	90	59
59	90	59
60	90	60
61	90	60
62	90	61
63	90	60
64	90	60
65	90	60
66	90	60
67	90	60
68	90	61
69	90	61
70	90	62
71	90	62
72	90	63
73	90	62
74	90	63
75	90	64
100	90	75
101	90	75
102	90	74
103	90	73
104	90	73
105	90	73
106	90	73
107	90	73
108	90	73
109	90	73
110	90	72
111	90	73
112	90	72
113	90	72
114	90	73
115	90	73
116	90	73
117	90	74
118	90	74
3	91	58
4	91	58
5	91	57
6	91	57
7	91	55
8	91	60
9	91	57
10	91	57
11	91	57
12	91	57
13	91	57
14	91	57
15	91	57
16	91	57
17	91	58
18	91	58
19	91	58
20	91	58
21	91	59
22	91	58
23	91	59
24	91	58
25	91	57
26	91	56
27	91	57
28	91	57
29	91	56
30	91	56
31	91	56
32	91	56
33	91	56
34	91	58
35	91	56
36	91	54
37	91	56
38	91	56
39	91	56
40	91	57
41	91	56
42	91	57
43	91	57
44	91	58
45	91	57
46	91	58
47	91	58
48	91	58
49	91	58
50	91	57
51	91	58
52	91	58
53	91	59
54	91	59
55	91	59
56	91	59
57	91	59
58	91	59
59	91	59
60	91	60
61	91	60
62	91	60
63	91	60
64	91	60
65	91	60
66	91	60
67	91	61
68	91	61
69	91	61
70	91	61
71	91	62
72	91	63
73	91	64
74	91	64
75	91	64
103	91	74
104	91	73
105	91	74
106	91	73
107	91	74
108	91	74
109	91	73
110	91	73
111	91	73
112	91	73
113	91	73
114	91	74
115	91	73
116	91	74
3	92	58
4	92	56
5	92	56
6	92	58
7	92	59
8	92	57
9	92	54
10	92	58
11	92	57
12	92	57
13	92	57
14	92	57
15	92	57
16	92	57
17	92	58
18	92	58
19	92	58
20	92	58
21	92	58
22	92	59
23	92	59
24	92	58
25	92	58
26	92	58
27	92	57
28	92	56
29	92	57
30	92	57
31	92	57
32	92	56
33	92	56
34	92	55
35	92	55
36	92	56
37	92	55
38	92	58
39	92	56
40	92	57
41	92	57
42	92	57
43	92	57
44	92	57
45	92	57
46	92	57
47	92	57
48	92	57
49	92	58
50	92	58
51	92	58
52	92	58
53	92	58
54	92	58
55	92	59
56	92	59
57	92	59
58	92	59
59	92	60
60	92	60
61	92	60
62	92	60
63	92	60
64	92	61
65	92	60
66	92	61
67	92	61
68	92	61
69	92	61
70	92	62
71	92	62
72	92	64
73	92	64
74	92	65
75	92	64
105	92	75
106	92	76
107	92	74
108	92	74
109	92	74
110	92	74
111	92	73
112	92	73
113	92	73
114	92	74
3	93	58
4	93	57
5	93	57
6	93	57
7	93	55
8	93	56
9	93	58
10	93	56
11	93	57
12	93	56
13	93	58
14	93	57
15	93	57
16	93	57
17	93	58
18	93	58
19	93	58
20	93	58
21	93	58
22	93	59
23	93	59
24	93	58
25	93	58
26	93	57
27	93	58
28	93	58
29	93	57
30	93	57
31	93	56
32	93	57
33	93	56
34	93	56
35	93	57
36	93	56
37	93	56
38	93	57
39	93	56
40	93	56
41	93	57
42	93	57
43	93	57
44	93	57
45	93	57
46	93	57
47	93	57
48	93	58
49	93	57
50	93	58
51	93	58
52	93	58
53	93	58
54	93	58
55	93	59
56	93	59
57	93	59
58	93	59
59	93	59
60	93	60
61	93	60
62	93	60
63	93	60
64	93	61
65	93	60
66	93	60
67	93	60
68	93	62
69	93	62
70	93	62
71	93	63
72	93	63
73	93	64
74	93	65
75	93	66
76	93	70
108	93	77
109	93	74
110	93	74
111	93	75
112	93	74
113	93	80
2	94	56
3	94	58
4	94	57
5	94	57
6	94	57
7	94	57
8	94	57
9	94	57
10	94	56
11	94	57
12	94	57
13	94	57
14	94	57
15	94	57
16	94	58
17	94	58
18	94	58
19	94	58
20	94	58
21	94	58
22	94	58
23	94	58
24	94	58
25	94	58
26	94	58
27	94	58
28	94	58
29	94	58
30	94	59
31	94	57
32	94	57
33	94	57
34	94	57
35	94	56
36	94	57
37	94	56
38	94	57
39	94	56
40	94	57
41	94	57
42	94	57
43	94	57
44	94	57
45	94	57
46	94	57
47	94	57
48	94	57
49	94	58
50	94	57
51	94	58
52	94	58
53	94	58
54	94	58
55	94	59
56	94	58
57	94	59
58	94	60
59	94	60
60	94	60
61	94	60
62	94	61
63	94	61
64	94	60
65	94	57
66	94	60
67	94	61
68	94	60
69	94	62
70	94	63
71	94	64
72	94	64
73	94	65
74	94	65
75	94	65
76	94	69
2	95	57
3	95	58
4	95	57
5	95	57
6	95	57
7	95	57
8	95	57
9	95	57
10	95	57
11	95	56
12	95	56
13	95	57
14	95	57
15	95	57
16	95	58
17	95	58
18	95	59
19	95	60
20	95	59
21	95	60
22	95	58
23	95	59
24	95	58
25	95	59
26	95	59
27	95	57
28	95	58
29	95	57
30	95	57
31	95	56
32	95	56
33	95	57
34	95	56
35	95	57
36	95	56
37	95	57
38	95	56
39	95	57
40	95	57
41	95	57
42	95	57
43	95	57
44	95	57
45	95	57
46	95	57
47	95	57
48	95	58
49	95	58
50	95	58
51	95	57
52	95	57
53	95	58
54	95	58
55	95	59
56	95	59
57	95	59
58	95	59
59	95	60
60	95	61
61	95	60
62	95	61
63	95	60
64	95	60
65	95	60
66	95	60
67	95	61
68	95	62
69	95	62
70	95	63
71	95	63
72	95	63
73	95	65
74	95	65
75	95	65
2	96	57
3	96	58
4	96	57
5	96	56
6	96	57
7	96	57
8	96	57
9	96	57
10	96	57
11	96	57
12	96	57
13	96	57
14	96	58
15	96	58
16	96	58
17	96	58
18	96	59
19	96	59
20	96	59
21	96	60
22	96	59
23	96	59
24	96	59
25	96	59
26	96	57
27	96	58
28	96	57
29	96	57
30	96	57
31	96	57
32	96	56
33	96	56
34	96	56
35	96	56
36	96	56
37	96	56
38	96	57
39	96	57
40	96	57
41	96	57
42	96	57
43	96	57
44	96	57
45	96	57
46	96	57
47	96	57
48	96	58
49	96	58
50	96	58
51	96	58
52	96	59
53	96	58
54	96	59
55	96	59
56	96	59
57	96	60
58	96	60
59	96	60
60	96	60
61	96	61
62	96	61
63	96	61
64	96	61
65	96	62
66	96	61
67	96	61
68	96	61
69	96	61
70	96	63
71	96	62
72	96	63
73	96	64
74	96	64
75	96	65
2	97	56
3	97	57
4	97	57
5	97	57
6	97	57
7	97	57
8	97	57
9	97	57
10	97	57
11	97	57
12	97	57
13	97	57
14	97	57
15	97	56
16	97	58
17	97	58
18	97	58
19	97	60
20	97	60
21	97	60
22	97	59
23	97	61
24	97	59
25	97	59
26	97	58
27	97	59
28	97	58
29	97	58
30	97	57
31	97	57
32	97	57
33	97	56
34	97	56
35	97	56
36	97	56
37	97	56
38	97	57
39	97	57
40	97	57
41	97	57
42	97	57
43	97	57
44	97	57
45	97	57
46	97	58
47	97	57
48	97	59
49	97	57
50	97	58
51	97	57
52	97	58
53	97	57
54	97	59
55	97	58
56	97	60
57	97	59
58	97	60
59	97	60
60	97	60
61	97	61
62	97	60
63	97	61
64	97	60
65	97	60
66	97	60
67	97	61
68	97	61
69	97	61
70	97	62
71	97	63
72	97	63
73	97	63
74	97	65
75	97	66
3	98	52
4	98	56
5	98	57
6	98	57
7	98	58
8	98	57
9	98	57
10	98	57
11	98	57
12	98	57
13	98	57
14	98	57
15	98	57
16	98	58
17	98	58
18	98	59
19	98	58
20	98	60
21	98	60
22	98	60
23	98	60
24	98	60
25	98	59
26	98	59
27	98	59
28	98	59
29	98	57
30	98	58
31	98	57
32	98	58
33	98	57
34	98	56
35	98	56
36	98	56
37	98	56
38	98	57
39	98	57
40	98	57
41	98	57
42	98	56
43	98	60
44	98	56
45	98	61
46	98	57
47	98	58
48	98	58
49	98	58
50	98	59
51	98	57
52	98	58
53	98	56
54	98	59
55	98	60
56	98	63
57	98	60
58	98	60
59	98	60
60	98	60
61	98	60
62	98	60
63	98	60
64	98	61
65	98	61
66	98	60
67	98	61
68	98	61
69	98	61
70	98	62
71	98	63
72	98	64
73	98	63
74	98	64
75	98	65
4	99	55
5	99	55
6	99	55
7	99	57
8	99	57
9	99	57
10	99	57
11	99	57
12	99	56
13	99	57
14	99	57
15	99	57
16	99	58
17	99	58
18	99	58
19	99	59
20	99	59
21	99	60
22	99	61
23	99	60
24	99	60
25	99	59
26	99	59
27	99	59
28	99	59
29	99	59
30	99	59
31	99	59
32	99	58
33	99	58
34	99	58
35	99	56
36	99	56
37	99	56
38	99	56
39	99	58
40	99	58
41	99	59
42	99	57
43	99	57
44	99	56
45	99	58
46	99	58
47	99	59
48	99	56
49	99	58
50	99	59
51	99	58
52	99	58
53	99	58
54	99	58
55	99	59
56	99	59
57	99	59
58	99	60
59	99	60
60	99	60
61	99	60
62	99	60
63	99	60
64	99	60
65	99	60
66	99	61
67	99	61
68	99	61
69	99	61
70	99	61
71	99	62
72	99	63
73	99	65
74	99	66
75	99	68
6	100	56
7	100	56
8	100	57
9	100	57
10	100	58
11	100	57
12	100	57
13	100	57
14	100	57
15	100	57
16	100	58
17	100	58
18	100	59
19	100	59
20	100	59
21	100	60
22	100	60
23	100	60
24	100	60
25	100	59
26	100	60
27	100	59
28	100	59
29	100	59
30	100	59
31	100	59
32	100	58
33	100	58
34	100	58
35	100	59
36	100	57
37	100	59
38	100	57
39	100	59
40	100	59
41	100	58
42	100	56
43	100	57
44	100	57
45	100	60
46	100	59
47	100	58
48	100	58
49	100	58
50	100	58
51	100	58
52	100	58
53	100	58
54	100	58
55	100	59
56	100	59
57	100	59
58	100	60
59	100	60
60	100	60
61	100	60
62	100	60
63	100	61
64	100	61
65	100	61
66	100	60
67	100	61
68	100	60
69	100	61
70	100	60
71	100	61
72	100	64
73	100	69
74	100	68
75	100	70
5	101	0
6	101	59
7	101	58
8	101	56
9	101	56
10	101	57
11	101	56
12	101	57
13	101	57
14	101	58
15	101	57
16	101	58
17	101	58
18	101	58
19	101	59
20	101	60
21	101	61
22	101	63
23	101	61
24	101	59
25	101	60
26	101	60
27	101	59
28	101	60
29	101	59
30	101	58
31	101	59
32	101	58
33	101	58
34	101	58
35	101	58
36	101	61
37	101	59
38	101	59
39	101	58
40	101	57
41	101	57
42	101	57
43	101	57
44	101	57
45	101	57
46	101	57
47	101	57
48	101	57
49	101	58
50	101	58
51	101	58
52	101	58
53	101	58
54	101	58
55	101	59
56	101	59
57	101	59
58	101	60
59	101	60
60	101	60
61	101	60
62	101	61
63	101	60
64	101	60
65	101	61
66	101	62
67	101	61
68	101	61
69	101	61
70	101	61
71	101	63
72	101	62
73	101	69
74	101	68
75	101	68
6	102	60
7	102	59
8	102	59
9	102	59
10	102	59
11	102	59
12	102	58
13	102	56
14	102	58
15	102	58
16	102	59
17	102	59
18	102	59
19	102	61
20	102	60
21	102	60
22	102	62
23	102	60
24	102	60
25	102	60
26	102	60
27	102	60
28	102	60
29	102	60
30	102	59
31	102	59
32	102	58
33	102	58
34	102	58
35	102	58
36	102	57
37	102	57
38	102	57
39	102	57
40	102	57
41	102	57
42	102	57
43	102	57
44	102	57
45	102	57
46	102	57
47	102	57
48	102	57
49	102	57
50	102	58
51	102	58
52	102	58
53	102	58
54	102	58
55	102	59
56	102	59
57	102	59
58	102	60
59	102	60
60	102	60
61	102	60
62	102	63
63	102	62
64	102	61
65	102	62
66	102	61
67	102	62
68	102	62
69	102	61
70	102	61
71	102	61
72	102	63
73	102	67
74	102	66
75	102	69
6	103	59
7	103	59
8	103	59
9	103	59
10	103	60
11	103	59
12	103	58
13	103	58
14	103	58
15	103	59
16	103	59
17	103	59
18	103	59
19	103	60
20	103	62
21	103	61
22	103	61
23	103	60
24	103	59
25	103	60
26	103	60
27	103	60
28	103	60
29	103	60
30	103	59
31	103	59
32	103	58
33	103	58
34	103	58
35	103	58
36	103	58
37	103	57
38	103	57
39	103	57
40	103	57
41	103	57
42	103	57
43	103	57
44	103	57
45	103	57
46	103	57
47	103	57
48	103	57
49	103	58
50	103	58
51	103	58
52	103	58
53	103	59
54	103	59
55	103	58
56	103	59
57	103	60
58	103	60
59	103	60
60	103	60
61	103	60
62	103	59
63	103	61
64	103	62
65	103	62
66	103	63
67	103	62
68	103	62
69	103	61
70	103	63
71	103	65
72	103	65
73	103	66
74	103	68
75	103	69
6	104	59
7	104	59
8	104	59
9	104	60
10	104	59
11	104	59
12	104	59
13	104	59
14	104	59
15	104	59
16	104	59
17	104	59
18	104	60
19	104	60
20	104	60
21	104	61
22	104	60
23	104	60
24	104	60
25	104	61
26	104	61
27	104	60
28	104	59
29	104	60
30	104	59
31	104	59
32	104	58
33	104	60
34	104	58
35	104	58
36	104	58
37	104	58
38	104	58
39	104	57
40	104	57
41	104	57
42	104	57
43	104	57
44	104	57
45	104	57
46	104	57
47	104	58
48	104	58
49	104	57
50	104	57
51	104	58
52	104	58
53	104	58
54	104	58
55	104	63
56	104	60
57	104	59
58	104	59
59	104	59
60	104	59
61	104	59
62	104	60
63	104	61
64	104	60
65	104	63
66	104	65
67	104	64
68	104	62
69	104	62
70	104	62
71	104	62
72	104	63
73	104	66
74	104	69
75	104	69
6	105	60
7	105	60
8	105	60
9	105	59
10	105	59
11	105	59
12	105	59
13	105	58
14	105	59
15	105	58
16	105	59
17	105	59
18	105	60
19	105	60
20	105	61
21	105	60
22	105	61
23	105	60
24	105	60
25	105	60
26	105	60
27	105	60
28	105	60
29	105	60
30	105	60
31	105	60
32	105	59
33	105	59
34	105	59
35	105	59
36	105	58
37	105	58
38	105	58
39	105	57
40	105	57
41	105	57
42	105	57
43	105	57
44	105	57
45	105	57
46	105	57
47	105	57
48	105	57
49	105	58
50	105	59
51	105	58
52	105	59
53	105	60
54	105	59
55	105	58
56	105	61
57	105	60
58	105	60
59	105	60
60	105	59
61	105	61
62	105	61
63	105	61
64	105	61
65	105	61
66	105	61
67	105	61
68	105	61
69	105	61
70	105	62
71	105	63
72	105	66
73	105	66
74	105	68
6	106	61
7	106	60
8	106	59
9	106	59
10	106	59
11	106	59
12	106	59
13	106	59
14	106	59
15	106	59
16	106	59
17	106	59
18	106	59
19	106	61
20	106	61
21	106	61
22	106	60
23	106	60
24	106	60
25	106	60
26	106	60
27	106	60
28	106	60
29	106	60
30	106	60
31	106	60
32	106	59
33	106	60
34	106	59
35	106	58
36	106	59
37	106	58
38	106	57
39	106	58
40	106	57
41	106	57
42	106	57
43	106	57
44	106	58
45	106	58
46	106	58
47	106	58
48	106	57
49	106	58
50	106	59
51	106	59
52	106	59
53	106	58
54	106	58
55	106	60
56	106	59
57	106	59
58	106	61
59	106	60
60	106	60
61	106	60
62	106	60
63	106	61
64	106	61
65	106	61
66	106	61
67	106	61
68	106	61
69	106	61
70	106	62
71	106	62
72	106	64
73	106	65
74	106	68
6	107	60
7	107	60
8	107	60
9	107	59
10	107	60
11	107	59
12	107	59
13	107	59
14	107	59
15	107	58
16	107	59
17	107	59
18	107	60
19	107	61
20	107	61
21	107	61
22	107	61
23	107	61
24	107	60
25	107	60
26	107	60
27	107	60
28	107	60
29	107	60
30	107	60
31	107	60
32	107	60
33	107	59
34	107	59
35	107	59
36	107	58
37	107	0
38	107	58
39	107	60
40	107	59
41	107	58
42	107	58
43	107	58
44	107	57
45	107	57
46	107	58
47	107	57
48	107	58
49	107	58
50	107	58
51	107	60
52	107	59
53	107	60
54	107	60
55	107	59
56	107	60
57	107	60
58	107	60
59	107	60
60	107	60
61	107	60
62	107	60
63	107	61
64	107	61
65	107	61
66	107	61
67	107	61
68	107	61
69	107	61
70	107	62
71	107	63
72	107	64
73	107	65
74	107	70
6	108	60
7	108	60
8	108	60
9	108	59
10	108	60
11	108	59
12	108	59
13	108	59
14	108	59
15	108	59
16	108	59
17	108	60
18	108	60
19	108	60
20	108	60
21	108	61
22	108	61
23	108	61
24	108	60
25	108	60
26	108	60
27	108	60
28	108	60
29	108	60
30	108	60
31	108	60
32	108	59
33	108	59
34	108	59
35	108	59
36	108	59
37	108	59
38	108	59
39	108	59
40	108	58
41	108	58
42	108	58
43	108	58
44	108	58
45	108	58
46	108	57
47	108	57
48	108	57
49	108	58
50	108	58
51	108	58
52	108	59
53	108	58
54	108	59
55	108	59
56	108	60
57	108	60
58	108	60
59	108	60
60	108	60
61	108	60
62	108	60
63	108	61
64	108	60
65	108	61
66	108	61
67	108	61
68	108	61
69	108	61
70	108	62
71	108	62
72	108	63
73	108	68
74	108	70
6	109	59
7	109	60
8	109	60
9	109	59
10	109	60
11	109	59
12	109	60
13	109	59
14	109	59
15	109	59
16	109	60
17	109	60
18	109	59
19	109	60
20	109	61
21	109	61
22	109	61
23	109	61
24	109	61
25	109	60
26	109	59
27	109	60
28	109	60
29	109	60
30	109	59
31	109	59
32	109	59
33	109	59
34	109	59
35	109	59
36	109	59
37	109	59
38	109	59
39	109	59
40	109	59
41	109	59
42	109	59
43	109	59
44	109	59
45	109	58
46	109	58
47	109	58
48	109	58
49	109	58
50	109	58
51	109	58
52	109	58
53	109	59
54	109	58
55	109	60
56	109	60
57	109	60
58	109	60
59	109	60
60	109	60
61	109	60
62	109	60
63	109	60
64	109	61
65	109	60
66	109	61
67	109	61
68	109	61
69	109	63
70	109	62
71	109	63
72	109	67
73	109	70
74	109	68
6	110	59
7	110	61
8	110	60
9	110	60
10	110	59
11	110	60
12	110	60
13	110	59
14	110	59
15	110	59
16	110	59
17	110	59
18	110	60
19	110	60
20	110	61
21	110	61
22	110	61
23	110	61
24	110	61
25	110	63
26	110	60
27	110	59
28	110	60
29	110	59
30	110	60
31	110	60
32	110	60
33	110	60
34	110	59
35	110	59
36	110	59
37	110	60
38	110	59
39	110	59
40	110	59
41	110	59
42	110	59
43	110	59
44	110	59
45	110	59
46	110	58
47	110	58
48	110	58
49	110	58
50	110	58
51	110	58
52	110	58
53	110	58
54	110	58
55	110	59
56	110	60
57	110	60
58	110	59
59	110	60
60	110	60
61	110	60
62	110	61
63	110	61
64	110	62
65	110	62
66	110	62
67	110	62
68	110	62
69	110	61
70	110	63
71	110	65
72	110	66
73	110	67
74	110	68
7	111	60
8	111	60
9	111	60
10	111	60
11	111	60
12	111	59
13	111	59
14	111	59
15	111	59
16	111	60
17	111	59
18	111	60
19	111	62
20	111	62
21	111	62
22	111	62
23	111	62
24	111	61
25	111	62
26	111	60
27	111	60
28	111	58
29	111	58
30	111	59
31	111	59
32	111	60
33	111	60
34	111	60
35	111	59
36	111	59
37	111	59
38	111	59
39	111	59
40	111	60
41	111	59
42	111	59
43	111	60
44	111	59
45	111	59
46	111	58
47	111	58
48	111	58
49	111	57
50	111	58
51	111	58
52	111	58
53	111	58
54	111	59
55	111	58
56	111	59
57	111	60
58	111	60
59	111	60
60	111	61
61	111	61
62	111	61
63	111	62
64	111	61
65	111	63
66	111	62
67	111	61
68	111	62
69	111	63
70	111	65
71	111	62
72	111	67
73	111	67
74	111	68
7	112	59
8	112	60
9	112	60
10	112	60
11	112	60
12	112	60
13	112	59
14	112	59
15	112	60
16	112	60
17	112	60
18	112	60
19	112	60
20	112	62
21	112	62
22	112	62
23	112	62
24	112	61
25	112	61
26	112	61
27	112	61
28	112	58
29	112	58
30	112	58
31	112	59
32	112	59
33	112	60
34	112	60
35	112	60
36	112	60
37	112	60
38	112	60
39	112	60
40	112	60
41	112	59
42	112	59
43	112	59
44	112	59
45	112	59
46	112	58
47	112	59
48	112	57
49	112	58
50	112	58
51	112	58
52	112	58
53	112	58
54	112	58
55	112	59
56	112	60
57	112	59
58	112	60
59	112	60
60	112	61
61	112	62
62	112	60
63	112	64
64	112	62
65	112	63
66	112	62
67	112	62
68	112	62
69	112	62
70	112	62
71	112	62
72	112	64
73	112	69
74	112	68
7	113	62
8	113	60
9	113	60
10	113	60
11	113	60
12	113	60
13	113	59
14	113	59
15	113	60
16	113	60
17	113	60
18	113	60
19	113	62
20	113	64
21	113	62
22	113	62
23	113	62
24	113	61
25	113	61
26	113	61
27	113	61
28	113	61
29	113	60
30	113	59
31	113	59
32	113	60
33	113	59
34	113	60
35	113	59
36	113	60
37	113	60
38	113	60
39	113	60
40	113	60
41	113	60
42	113	59
43	113	59
44	113	60
45	113	59
46	113	61
47	113	58
48	113	58
49	113	58
50	113	57
51	113	58
52	113	59
53	113	58
54	113	58
55	113	59
56	113	59
57	113	60
58	113	60
59	113	61
60	113	60
61	113	62
62	113	62
63	113	62
64	113	64
65	113	62
66	113	62
67	113	61
68	113	61
69	113	62
70	113	62
71	113	63
72	113	64
73	113	70
7	114	63
8	114	60
9	114	60
10	114	60
11	114	60
12	114	60
13	114	60
14	114	59
15	114	60
16	114	59
17	114	60
18	114	60
19	114	62
20	114	71
21	114	62
22	114	62
23	114	61
24	114	62
25	114	61
26	114	61
27	114	61
28	114	61
29	114	61
30	114	60
31	114	60
32	114	59
33	114	59
34	114	59
35	114	59
36	114	59
37	114	61
38	114	60
39	114	60
40	114	59
41	114	59
42	114	60
43	114	61
44	114	60
45	114	61
46	114	59
47	114	60
48	114	59
49	114	58
50	114	58
51	114	57
52	114	58
53	114	58
54	114	59
55	114	58
56	114	59
57	114	60
58	114	61
59	114	61
60	114	61
61	114	61
62	114	61
63	114	61
64	114	61
65	114	61
66	114	61
67	114	62
68	114	62
69	114	62
70	114	62
71	114	63
72	114	65
73	114	69
74	114	78
8	115	60
9	115	60
10	115	60
11	115	60
12	115	60
13	115	59
14	115	59
15	115	59
16	115	60
17	115	60
18	115	60
19	115	63
21	115	64
22	115	62
23	115	62
24	115	62
25	115	62
26	115	62
27	115	61
28	115	61
29	115	61
30	115	61
31	115	60
32	115	59
33	115	59
34	115	59
35	115	59
36	115	59
37	115	59
38	115	59
39	115	59
40	115	59
41	115	59
42	115	58
43	115	59
44	115	60
45	115	59
46	115	60
47	115	60
48	115	58
49	115	58
50	115	58
51	115	58
52	115	58
53	115	61
54	115	59
55	115	59
56	115	60
57	115	60
58	115	60
59	115	60
60	115	60
61	115	61
62	115	61
63	115	61
64	115	61
65	115	62
66	115	61
67	115	61
68	115	62
69	115	61
70	115	62
71	115	63
72	115	62
73	115	67
8	116	60
9	116	60
10	116	60
11	116	60
12	116	60
13	116	59
14	116	59
15	116	59
16	116	60
17	116	60
18	116	60
19	116	61
22	116	61
23	116	61
24	116	61
25	116	61
26	116	60
27	116	61
28	116	63
29	116	61
30	116	61
31	116	60
32	116	60
33	116	59
34	116	59
35	116	59
36	116	59
37	116	59
38	116	59
39	116	59
40	116	59
41	116	59
42	116	59
43	116	59
44	116	59
45	116	59
46	116	59
47	116	59
48	116	59
49	116	59
50	116	59
51	116	58
52	116	59
53	116	59
54	116	59
55	116	59
56	116	60
57	116	60
58	116	60
59	116	60
60	116	61
61	116	61
62	116	61
63	116	61
64	116	61
65	116	61
66	116	62
67	116	62
68	116	62
69	116	62
70	116	62
71	116	62
72	116	63
8	117	61
9	117	60
10	117	60
11	117	59
12	117	59
13	117	59
14	117	59
15	117	59
16	117	60
17	117	60
18	117	61
19	117	61
22	117	62
23	117	62
24	117	61
25	117	61
26	117	61
27	117	61
28	117	61
29	117	59
30	117	62
31	117	60
32	117	60
33	117	60
34	117	59
35	117	60
36	117	59
37	117	59
38	117	59
39	117	59
40	117	59
41	117	59
42	117	59
43	117	59
44	117	59
45	117	59
46	117	59
47	117	59
48	117	59
49	117	59
50	117	59
51	117	59
52	117	59
53	117	59
54	117	59
55	117	59
56	117	59
57	117	60
58	117	60
59	117	60
60	117	60
61	117	61
62	117	61
63	117	61
64	117	62
65	117	61
66	117	61
67	117	61
68	117	62
69	117	62
70	117	64
71	117	64
72	117	67
73	117	76
8	118	61
9	118	60
10	118	59
11	118	59
12	118	59
13	118	59
14	118	59
15	118	59
16	118	60
17	118	59
18	118	60
19	118	61
22	118	63
23	118	61
24	118	61
25	118	60
26	118	62
27	118	60
28	118	60
29	118	60
30	118	61
31	118	58
32	118	62
33	118	60
34	118	60
35	118	59
36	118	59
37	118	59
38	118	59
39	118	59
40	118	59
41	118	59
42	118	59
43	118	59
44	118	59
45	118	59
46	118	59
47	118	59
48	118	59
49	118	59
50	118	59
51	118	59
52	118	59
53	118	59
54	118	59
55	118	59
56	118	59
57	118	60
58	118	60
59	118	60
60	118	60
61	118	60
62	118	60
63	118	60
64	118	63
65	118	63
66	118	63
67	118	62
68	118	63
69	118	62
70	118	64
71	118	64
72	118	66
73	118	72
9	119	61
10	119	60
11	119	59
12	119	59
13	119	59
14	119	59
15	119	59
16	119	59
17	119	60
18	119	59
19	119	60
20	119	61
21	119	75
22	119	62
23	119	61
24	119	61
25	119	61
26	119	60
27	119	60
28	119	61
29	119	61
30	119	61
31	119	61
32	119	59
33	119	58
34	119	60
35	119	60
36	119	60
37	119	60
38	119	60
39	119	59
40	119	59
41	119	59
42	119	58
43	119	59
44	119	59
45	119	59
46	119	59
47	119	59
48	119	59
49	119	59
50	119	59
51	119	59
52	119	59
53	119	59
54	119	59
55	119	59
56	119	59
57	119	60
58	119	60
59	119	60
60	119	60
61	119	59
62	119	60
63	119	62
64	119	62
65	119	62
66	119	62
67	119	62
68	119	62
69	119	63
70	119	64
71	119	66
72	119	65
73	119	69
9	120	61
10	120	59
11	120	59
12	120	59
13	120	59
14	120	59
15	120	59
16	120	59
17	120	59
18	120	59
19	120	58
20	120	59
21	120	62
22	120	62
23	120	62
24	120	61
25	120	61
26	120	61
27	120	61
28	120	60
29	120	60
30	120	60
31	120	60
32	120	60
33	120	61
34	120	60
35	120	60
36	120	60
37	120	59
38	120	59
39	120	59
40	120	59
41	120	61
42	120	59
43	120	59
44	120	59
45	120	59
46	120	59
47	120	59
48	120	59
49	120	59
50	120	59
51	120	59
52	120	58
53	120	59
54	120	59
55	120	58
56	120	59
57	120	59
58	120	58
59	120	58
60	120	59
61	120	59
62	120	62
63	120	61
64	120	63
65	120	63
66	120	62
67	120	63
68	120	63
69	120	63
70	120	63
71	120	63
72	120	63
9	121	59
10	121	59
11	121	59
12	121	59
13	121	58
14	121	58
15	121	58
16	121	60
17	121	58
18	121	58
19	121	58
20	121	60
21	121	61
22	121	61
23	121	61
24	121	61
25	121	61
26	121	61
27	121	60
28	121	60
29	121	60
30	121	60
31	121	60
32	121	60
33	121	60
34	121	60
35	121	59
36	121	60
37	121	59
38	121	59
39	121	59
40	121	59
41	121	59
42	121	60
43	121	60
44	121	59
45	121	58
46	121	58
47	121	59
48	121	60
49	121	59
50	121	59
51	121	59
52	121	60
53	121	58
54	121	60
55	121	60
56	121	59
57	121	59
58	121	60
59	121	58
60	121	58
61	121	59
62	121	59
63	121	61
64	121	62
65	121	62
66	121	62
67	121	62
68	121	62
69	121	62
70	121	63
71	121	63
72	121	65
73	121	69
10	122	59
11	122	58
12	122	58
13	122	58
14	122	58
15	122	58
16	122	58
17	122	58
18	122	58
19	122	58
20	122	59
21	122	60
22	122	60
23	122	61
24	122	61
25	122	61
26	122	60
27	122	60
28	122	61
29	122	60
30	122	60
31	122	60
32	122	60
33	122	60
34	122	60
35	122	60
36	122	60
37	122	60
38	122	60
39	122	60
40	122	59
41	122	61
42	122	60
43	122	60
44	122	59
45	122	59
46	122	60
47	122	60
48	122	60
49	122	60
50	122	61
51	122	60
52	122	60
53	122	59
54	122	59
55	122	60
56	122	60
57	122	60
58	122	59
59	122	60
60	122	60
61	122	60
62	122	61
63	122	61
64	122	62
65	122	62
66	122	62
67	122	62
68	122	62
69	122	63
70	122	63
71	122	63
72	122	63
10	123	62
11	123	58
12	123	58
13	123	58
14	123	58
15	123	58
16	123	58
17	123	58
18	123	57
19	123	58
20	123	59
21	123	59
22	123	59
23	123	60
24	123	60
25	123	60
26	123	61
27	123	61
28	123	60
29	123	60
30	123	60
31	123	60
32	123	60
33	123	60
34	123	60
35	123	60
36	123	60
37	123	60
38	123	60
39	123	59
40	123	59
41	123	59
42	123	59
43	123	60
44	123	60
45	123	60
46	123	60
47	123	60
48	123	60
49	123	60
50	123	61
51	123	60
52	123	60
53	123	61
54	123	60
55	123	61
56	123	60
57	123	59
58	123	60
59	123	60
60	123	60
61	123	60
62	123	60
63	123	61
64	123	62
65	123	62
66	123	62
67	123	62
68	123	63
69	123	63
70	123	62
71	123	63
72	123	64
11	124	58
12	124	58
13	124	58
14	124	58
15	124	58
16	124	57
17	124	58
18	124	58
19	124	58
20	124	58
21	124	58
22	124	58
23	124	60
24	124	59
25	124	60
26	124	60
27	124	60
28	124	60
29	124	60
30	124	60
31	124	60
32	124	60
33	124	60
34	124	60
35	124	60
36	124	60
37	124	60
38	124	60
39	124	60
40	124	60
41	124	60
42	124	60
43	124	59
44	124	60
45	124	60
46	124	60
47	124	60
48	124	60
49	124	60
50	124	60
51	124	60
52	124	60
53	124	59
54	124	60
55	124	60
56	124	61
57	124	60
58	124	61
59	124	60
60	124	61
61	124	60
62	124	60
63	124	61
64	124	62
65	124	61
66	124	62
67	124	62
68	124	62
69	124	63
70	124	64
71	124	64
72	124	66
12	125	59
13	125	58
14	125	58
15	125	58
16	125	58
17	125	57
18	125	58
19	125	57
20	125	58
21	125	57
22	125	58
23	125	58
24	125	59
25	125	61
26	125	60
27	125	60
28	125	61
29	125	61
30	125	61
31	125	61
32	125	60
33	125	60
34	125	61
35	125	61
36	125	60
37	125	60
38	125	59
39	125	59
40	125	60
41	125	59
42	125	60
43	125	59
44	125	60
45	125	60
46	125	60
47	125	60
48	125	60
49	125	60
50	125	60
51	125	60
52	125	60
53	125	60
54	125	60
55	125	60
56	125	59
57	125	60
58	125	60
59	125	61
60	125	60
61	125	61
62	125	60
63	125	61
64	125	61
65	125	61
66	125	62
67	125	62
68	125	64
69	125	64
70	125	63
71	125	65
72	125	65
13	126	58
14	126	57
15	126	58
16	126	58
17	126	58
18	126	58
19	126	58
20	126	58
21	126	57
22	126	57
23	126	57
24	126	57
25	126	59
26	126	61
27	126	61
28	126	60
29	126	60
30	126	60
31	126	60
32	126	60
33	126	61
34	126	60
35	126	60
36	126	59
37	126	60
38	126	60
39	126	61
40	126	60
41	126	59
42	126	60
43	126	59
44	126	59
45	126	59
46	126	59
47	126	60
48	126	60
49	126	59
50	126	59
51	126	59
52	126	60
53	126	60
54	126	60
55	126	59
56	126	60
57	126	60
58	126	60
59	126	60
60	126	60
61	126	60
62	126	61
63	126	61
64	126	61
65	126	61
66	126	63
67	126	64
68	126	64
69	126	63
70	126	67
71	126	65
72	126	69
13	127	58
14	127	59
15	127	57
16	127	58
17	127	57
18	127	57
19	127	58
20	127	57
21	127	58
22	127	57
23	127	57
24	127	58
25	127	60
26	127	59
27	127	61
28	127	61
29	127	60
30	127	61
31	127	60
32	127	60
33	127	59
34	127	60
35	127	61
36	127	59
37	127	58
38	127	60
39	127	60
40	127	60
41	127	60
42	127	60
43	127	60
44	127	59
45	127	59
46	127	59
47	127	60
48	127	59
49	127	58
50	127	59
51	127	59
52	127	60
53	127	61
54	127	60
55	127	60
56	127	61
57	127	61
58	127	61
59	127	61
60	127	61
61	127	61
62	127	61
63	127	60
64	127	61
65	127	60
66	127	62
67	127	65
68	127	63
69	127	64
70	127	64
71	127	63
72	127	63
14	128	58
15	128	58
16	128	57
17	128	57
18	128	57
19	128	57
20	128	57
21	128	57
22	128	57
23	128	57
24	128	57
25	128	58
26	128	58
27	128	60
28	128	60
29	128	61
30	128	60
31	128	60
32	128	60
33	128	60
34	128	60
35	128	60
36	128	59
37	128	60
38	128	59
39	128	59
40	128	60
41	128	58
42	128	60
43	128	59
44	128	59
45	128	58
46	128	58
47	128	58
48	128	59
49	128	58
50	128	59
51	128	58
52	128	59
53	128	59
54	128	60
55	128	61
56	128	61
57	128	61
58	128	60
59	128	60
60	128	61
61	128	61
62	128	61
63	128	60
64	128	61
65	128	61
66	128	62
67	128	63
68	128	62
69	128	63
70	128	63
71	128	64
72	128	63
15	129	57
16	129	57
17	129	57
18	129	57
19	129	57
20	129	56
21	129	57
22	129	56
23	129	57
24	129	57
25	129	57
26	129	58
27	129	60
28	129	60
29	129	61
30	129	60
31	129	61
32	129	60
33	129	60
34	129	60
35	129	59
36	129	59
37	129	60
38	129	60
39	129	60
40	129	60
41	129	60
42	129	60
43	129	59
44	129	59
45	129	59
46	129	58
47	129	59
48	129	59
49	129	59
50	129	59
51	129	58
52	129	59
53	129	60
54	129	61
55	129	61
56	129	61
57	129	61
58	129	61
59	129	61
60	129	61
61	129	61
62	129	61
63	129	61
64	129	61
65	129	62
66	129	61
67	129	62
68	129	61
69	129	64
70	129	63
71	129	63
72	129	64
16	130	58
17	130	57
18	130	57
19	130	57
20	130	57
21	130	57
22	130	57
23	130	57
24	130	57
25	130	57
26	130	57
27	130	58
28	130	60
29	130	61
30	130	60
31	130	60
32	130	60
33	130	61
34	130	60
35	130	60
36	130	60
37	130	60
38	130	60
39	130	60
40	130	60
41	130	60
42	130	60
43	130	59
44	130	60
45	130	59
46	130	59
47	130	59
48	130	59
49	130	60
50	130	60
51	130	60
52	130	60
53	130	61
54	130	61
55	130	61
56	130	61
57	130	61
58	130	61
59	130	61
60	130	61
61	130	61
62	130	61
63	130	61
64	130	61
65	130	62
66	130	62
67	130	62
68	130	62
69	130	63
70	130	63
71	130	63
72	130	64
73	130	74
17	131	57
18	131	57
19	131	57
20	131	57
21	131	57
22	131	56
23	131	57
24	131	56
25	131	56
26	131	56
27	131	57
28	131	57
29	131	58
30	131	60
31	131	59
32	131	59
33	131	60
34	131	61
35	131	62
36	131	60
37	131	60
38	131	60
39	131	60
40	131	60
41	131	60
42	131	60
43	131	60
44	131	59
45	131	59
46	131	59
47	131	60
48	131	60
49	131	60
50	131	60
51	131	60
52	131	60
53	131	60
54	131	61
55	131	61
56	131	61
57	131	60
58	131	61
59	131	60
60	131	61
61	131	61
62	131	61
63	131	61
64	131	62
65	131	61
66	131	62
67	131	61
68	131	62
69	131	62
70	131	64
71	131	63
72	131	65
73	131	71
74	131	72
18	132	57
19	132	57
20	132	57
21	132	57
22	132	57
23	132	56
24	132	56
25	132	56
26	132	56
27	132	56
28	132	57
29	132	57
30	132	59
31	132	59
32	132	59
33	132	59
34	132	59
35	132	59
36	132	60
37	132	60
38	132	61
39	132	60
40	132	59
41	132	60
42	132	59
43	132	59
44	132	59
45	132	60
46	132	60
47	132	60
48	132	60
49	132	60
50	132	60
51	132	59
52	132	60
53	132	60
54	132	60
55	132	60
56	132	60
57	132	60
58	132	61
59	132	61
60	132	61
61	132	61
62	132	63
63	132	62
64	132	62
65	132	64
66	132	62
67	132	62
68	132	65
69	132	63
70	132	64
71	132	63
72	132	64
73	132	70
74	132	71
75	132	78
18	133	58
19	133	57
20	133	57
21	133	57
22	133	57
23	133	56
24	133	56
25	133	56
26	133	56
27	133	56
28	133	56
29	133	56
30	133	58
31	133	59
32	133	60
33	133	60
34	133	60
35	133	60
36	133	60
37	133	60
38	133	59
39	133	59
40	133	60
41	133	61
42	133	61
43	133	62
44	133	59
45	133	60
46	133	61
47	133	59
48	133	60
49	133	60
50	133	60
51	133	60
52	133	60
53	133	59
54	133	60
55	133	60
56	133	61
57	133	60
58	133	61
59	133	62
60	133	61
61	133	62
62	133	61
63	133	62
64	133	62
65	133	62
66	133	63
67	133	63
68	133	63
69	133	61
70	133	63
71	133	65
72	133	65
73	133	66
74	133	71
19	134	57
20	134	57
21	134	57
22	134	57
23	134	56
24	134	56
25	134	55
26	134	56
27	134	56
28	134	56
29	134	56
30	134	56
31	134	59
32	134	60
33	134	59
34	134	60
35	134	60
36	134	60
37	134	60
38	134	60
39	134	59
40	134	60
41	134	59
42	134	59
43	134	60
44	134	60
45	134	61
46	134	60
47	134	60
48	134	60
49	134	59
50	134	59
51	134	60
52	134	60
53	134	60
54	134	60
55	134	60
56	134	60
57	134	60
58	134	62
59	134	61
60	134	62
61	134	63
62	134	60
63	134	62
64	134	61
65	134	62
66	134	62
67	134	64
68	134	64
69	134	63
70	134	65
71	134	65
72	134	65
73	134	65
74	134	66
75	134	67
76	134	72
20	135	57
21	135	57
22	135	56
23	135	56
24	135	56
25	135	56
26	135	56
27	135	55
28	135	56
29	135	54
30	135	56
31	135	56
32	135	59
33	135	59
34	135	60
35	135	60
36	135	60
37	135	60
38	135	60
39	135	59
40	135	59
41	135	60
42	135	59
43	135	59
44	135	60
45	135	59
46	135	60
47	135	59
48	135	58
49	135	59
50	135	59
51	135	59
52	135	59
53	135	60
54	135	60
55	135	60
56	135	59
57	135	59
58	135	60
59	135	60
60	135	60
61	135	61
62	135	61
63	135	62
64	135	62
65	135	62
66	135	62
67	135	62
68	135	62
69	135	63
70	135	63
71	135	63
72	135	65
73	135	65
74	135	66
75	135	67
76	135	66
77	135	72
21	136	57
22	136	56
23	136	56
24	136	56
25	136	56
26	136	56
27	136	56
28	136	56
29	136	55
30	136	56
31	136	55
32	136	55
33	136	56
34	136	60
35	136	59
36	136	60
37	136	60
38	136	60
39	136	60
40	136	60
41	136	59
42	136	60
43	136	60
44	136	59
45	136	60
46	136	60
47	136	59
48	136	59
49	136	59
50	136	59
51	136	59
52	136	59
53	136	60
54	136	61
55	136	60
56	136	60
57	136	60
58	136	60
59	136	60
60	136	61
61	136	61
62	136	61
63	136	62
64	136	61
65	136	61
66	136	62
67	136	63
68	136	63
69	136	63
70	136	63
71	136	65
72	136	65
73	136	65
74	136	67
75	136	67
76	136	68
77	136	67
78	136	67
79	136	67
80	136	69
21	137	58
22	137	56
23	137	56
24	137	56
25	137	56
26	137	56
27	137	56
28	137	56
29	137	55
30	137	55
31	137	55
32	137	56
33	137	55
34	137	55
35	137	58
36	137	60
37	137	60
38	137	60
39	137	60
40	137	59
41	137	60
42	137	60
43	137	60
44	137	59
45	137	59
46	137	59
47	137	60
48	137	60
49	137	60
50	137	60
51	137	63
52	137	60
53	137	60
54	137	60
55	137	60
56	137	60
57	137	60
58	137	60
59	137	60
60	137	61
61	137	61
62	137	60
63	137	61
64	137	60
65	137	61
66	137	61
67	137	62
68	137	63
69	137	63
70	137	64
71	137	64
72	137	65
73	137	64
74	137	65
75	137	65
76	137	66
77	137	67
78	137	66
79	137	67
80	137	69
81	137	69
82	137	70
83	137	70
84	137	73
87	137	73
88	137	68
89	137	67
90	137	69
91	137	66
92	137	69
93	137	69
94	137	71
21	138	61
22	138	59
23	138	56
24	138	56
25	138	56
26	138	56
27	138	55
28	138	56
29	138	55
30	138	55
31	138	54
32	138	54
33	138	54
34	138	55
35	138	57
36	138	60
37	138	60
38	138	60
39	138	60
40	138	59
41	138	60
42	138	59
43	138	60
44	138	60
45	138	59
46	138	59
47	138	59
48	138	59
49	138	59
50	138	60
51	138	60
52	138	60
53	138	60
54	138	60
55	138	60
56	138	59
57	138	60
58	138	60
59	138	60
60	138	61
61	138	60
62	138	60
63	138	61
64	138	61
65	138	61
66	138	61
67	138	62
68	138	62
69	138	63
70	138	62
71	138	63
72	138	63
73	138	64
74	138	65
75	138	64
76	138	65
77	138	66
78	138	67
79	138	68
80	138	67
81	138	67
82	138	67
83	138	67
84	138	67
85	138	66
86	138	64
87	138	64
88	138	64
89	138	65
90	138	64
91	138	66
92	138	65
93	138	66
94	138	65
95	138	66
96	138	67
97	138	67
98	138	68
99	138	68
100	138	68
101	138	68
102	138	73
21	139	62
22	139	62
23	139	59
24	139	56
25	139	56
26	139	56
27	139	55
28	139	55
29	139	55
30	139	55
31	139	54
32	139	54
33	139	54
34	139	54
35	139	54
36	139	55
37	139	57
38	139	59
39	139	60
40	139	59
41	139	59
42	139	59
43	139	59
44	139	59
45	139	59
46	139	60
47	139	59
48	139	59
49	139	59
50	139	60
51	139	59
52	139	59
53	139	59
54	139	59
55	139	59
56	139	59
57	139	60
58	139	60
59	139	60
60	139	60
61	139	60
62	139	61
63	139	61
64	139	61
65	139	61
66	139	61
67	139	63
68	139	62
69	139	62
70	139	63
71	139	63
72	139	63
73	139	65
74	139	65
75	139	66
76	139	66
77	139	66
78	139	67
79	139	65
80	139	65
81	139	65
82	139	65
83	139	66
84	139	64
85	139	64
86	139	64
87	139	64
88	139	64
89	139	64
90	139	64
91	139	64
92	139	64
93	139	66
94	139	64
95	139	64
96	139	64
97	139	65
98	139	63
99	139	65
100	139	65
101	139	66
102	139	69
103	139	67
104	139	67
105	139	67
106	139	68
107	139	68
21	140	62
22	140	61
23	140	61
24	140	61
25	140	57
26	140	56
27	140	55
28	140	55
29	140	55
30	140	54
31	140	54
32	140	54
33	140	54
34	140	54
35	140	54
36	140	54
37	140	53
38	140	55
39	140	59
40	140	60
41	140	60
42	140	58
43	140	59
44	140	59
45	140	59
46	140	60
47	140	59
48	140	59
49	140	59
50	140	59
51	140	60
52	140	59
53	140	59
54	140	60
55	140	60
56	140	60
57	140	60
58	140	60
59	140	60
60	140	60
61	140	60
62	140	60
63	140	61
64	140	61
65	140	61
66	140	61
67	140	62
68	140	62
69	140	63
70	140	63
71	140	63
72	140	63
73	140	63
74	140	65
75	140	65
76	140	64
77	140	65
78	140	64
79	140	65
80	140	65
81	140	65
82	140	63
83	140	63
84	140	64
85	140	64
86	140	64
87	140	64
88	140	64
89	140	64
90	140	64
91	140	64
92	140	63
93	140	64
94	140	63
95	140	63
96	140	63
97	140	63
98	140	64
99	140	63
100	140	63
101	140	64
102	140	64
103	140	64
104	140	65
105	140	64
106	140	65
107	140	65
108	140	67
109	140	68
21	141	64
22	141	62
23	141	62
24	141	61
25	141	58
26	141	57
27	141	56
28	141	55
29	141	55
30	141	55
31	141	54
32	141	54
33	141	54
34	141	55
35	141	54
36	141	54
37	141	54
38	141	54
39	141	55
40	141	59
41	141	57
42	141	59
43	141	59
44	141	59
45	141	59
46	141	59
47	141	59
48	141	59
49	141	60
50	141	59
51	141	60
52	141	59
53	141	60
54	141	60
55	141	60
56	141	60
57	141	60
58	141	60
59	141	61
60	141	60
61	141	60
62	141	61
63	141	60
64	141	61
65	141	61
66	141	61
67	141	62
68	141	63
69	141	62
70	141	62
71	141	63
72	141	63
73	141	63
74	141	63
75	141	63
76	141	63
77	141	64
78	141	64
79	141	64
80	141	65
81	141	63
82	141	63
83	141	63
84	141	63
85	141	64
86	141	64
87	141	64
88	141	64
89	141	64
90	141	64
91	141	63
92	141	63
93	141	63
94	141	63
95	141	63
96	141	63
97	141	63
98	141	63
99	141	63
100	141	63
101	141	63
102	141	63
103	141	63
104	141	63
105	141	63
106	141	64
107	141	63
108	141	63
109	141	65
110	141	65
111	141	66
112	141	66
20	142	65
21	142	63
22	142	61
23	142	61
24	142	61
25	142	60
26	142	60
27	142	57
28	142	55
29	142	55
30	142	54
31	142	55
32	142	54
33	142	54
34	142	52
35	142	54
36	142	54
37	142	54
38	142	53
39	142	53
40	142	53
41	142	56
42	142	59
43	142	59
44	142	59
45	142	59
46	142	58
47	142	59
48	142	59
49	142	59
50	142	60
51	142	59
52	142	60
53	142	59
54	142	60
55	142	59
56	142	60
57	142	60
58	142	60
59	142	60
60	142	60
61	142	60
62	142	61
63	142	60
64	142	61
65	142	61
66	142	61
67	142	61
68	142	61
69	142	62
70	142	63
71	142	62
72	142	63
73	142	63
74	142	63
75	142	63
76	142	63
77	142	64
78	142	64
79	142	63
80	142	62
81	142	63
82	142	63
83	142	63
84	142	63
85	142	63
86	142	63
87	142	64
88	142	64
89	142	63
90	142	63
91	142	62
92	142	63
93	142	63
94	142	63
95	142	63
96	142	63
97	142	63
98	142	63
99	142	63
100	142	63
101	142	63
102	142	63
103	142	63
104	142	63
105	142	63
106	142	63
107	142	63
108	142	63
109	142	63
110	142	63
111	142	63
112	142	64
113	142	66
20	143	62
21	143	63
22	143	61
23	143	62
24	143	60
25	143	59
26	143	59
27	143	59
28	143	56
29	143	55
30	143	55
31	143	55
32	143	54
33	143	54
34	143	54
35	143	54
36	143	54
37	143	53
38	143	53
39	143	53
40	143	53
41	143	53
42	143	56
43	143	59
44	143	59
45	143	59
46	143	59
47	143	59
48	143	59
49	143	59
50	143	59
51	143	59
52	143	59
53	143	59
54	143	59
55	143	60
56	143	60
57	143	60
58	143	60
59	143	59
60	143	61
61	143	60
62	143	61
63	143	61
64	143	61
65	143	61
66	143	61
67	143	61
68	143	61
69	143	61
70	143	62
71	143	61
72	143	62
73	143	63
74	143	63
75	143	63
76	143	63
77	143	63
78	143	62
79	143	62
80	143	62
81	143	63
82	143	62
83	143	63
84	143	63
85	143	63
86	143	63
87	143	63
88	143	62
89	143	63
90	143	63
91	143	63
92	143	64
93	143	63
94	143	63
95	143	63
96	143	63
97	143	63
98	143	63
99	143	63
100	143	63
101	143	64
102	143	63
103	143	63
104	143	62
105	143	62
106	143	63
107	143	62
108	143	62
109	143	62
110	143	63
111	143	63
112	143	64
113	143	64
114	143	64
